1998-10-05/09:20:49      179.570      76.3500      9.46000      128.000      3.45891     0.615661    0.0475717
1998-10-05/09:21:09      183.110      71.2900      10.6800      124.000      1.94146     0.559193    0.0280918
1998-10-05/09:21:29      183.400      68.0500      10.1600      121.000      2.35910     0.515038    0.0352931
1998-10-05/09:21:49      183.140      66.1300      8.23000      117.000      2.58715     0.453991    0.0402328
1998-10-05/09:22:10      183.250      64.0200      8.75000      122.000      2.09344     0.529919    0.0309855
1998-10-05/09:22:30      182.400      62.8200      11.5000      121.000      2.63036     0.515038    0.0393512
1998-10-05/09:22:50      182.060      61.2900      11.9700      113.000      1.46827     0.390731    0.0235890
1998-10-05/09:23:10      182.000      59.4800      9.00000      111.000      1.92688     0.358368    0.0313967
1998-10-05/09:23:29      181.320      58.0400      6.28000      111.000      1.97620     0.358368    0.0322003
1998-10-05/09:23:49      178.550      58.7500      9.87000      119.000      2.72378     0.484810    0.0415785
1998-10-05/09:24:09      177.740      60.2700      11.3300      129.000      3.12558     0.629321    0.0423946
1998-10-05/09:24:29      179.990      58.1500      10.4600      123.000      1.64087     0.544639    0.0240183
1998-10-05/09:24:50      178.570      56.9500      9.06000      126.000      2.78934     0.587785    0.0393855
1998-10-05/09:25:10      177.680      57.1900      9.15000      133.000      2.32818     0.681998    0.0297181
1998-10-05/09:25:30      178.640      56.8000      9.02000      134.000      2.23258     0.694658    0.0280297
1998-10-05/09:25:50      180.710      54.2300      9.64000      128.000      3.30492     0.615661    0.0454538
1998-10-05/09:26:09      181.880      52.7100      8.95000      132.000      2.82961     0.669131    0.0367010
1998-10-05/09:26:29      182.930      50.8200      9.04000      133.000      3.01339     0.681998    0.0384645
1998-10-05/09:26:49      183.140      49.2300      9.87000      125.000      1.91644     0.573576    0.0273992
1998-10-05/09:27:09      183.350      47.5700      9.69000      121.000      2.75133     0.515038    0.0411610
1998-10-05/09:27:30      183.280      45.9800      8.13000      125.000      2.21851     0.573576    0.0317178
1998-10-05/09:27:50      183.590      44.6900      9.33000      121.000      2.42035     0.515038    0.0362094
1998-10-05/09:28:10      183.970      43.4000      9.30000      125.000      1.91644     0.573576    0.0273992
1998-10-05/09:28:30      184.480      41.7200      9.70000      124.000      1.50721     0.559193    0.0218085
1998-10-05/09:28:50      184.340      40.3000      11.6400      113.000      1.31741     0.390731    0.0211653
1998-10-05/09:29:10      184.170      39.2100      10.1200      117.000      1.78605     0.453991    0.0277749
1998-10-05/09:29:30      184.030      38.0600      11.6400      123.000      1.59085     0.544639    0.0232862
1998-10-05/09:29:50      183.920      37.0000      10.7900      110.000      2.65743     0.342020    0.0435838
1998-10-05/09:30:10      183.850      35.8700      7.69000      107.000      2.31438     0.292372    0.0386285
1998-10-05/09:30:30      183.710      34.7000      9.45000      108.000      2.42687     0.309017    0.0402838
1998-10-05/09:30:50      183.560      33.6400      11.2300      124.000      1.50721     0.559193    0.0218085
1998-10-05/09:31:10      183.490      32.6100      9.41000      113.000      1.64092     0.390731    0.0263628
1998-10-05/09:31:30      183.410      31.6200      7.50000      121.000      2.49214     0.515038    0.0372834
1998-10-05/09:31:50      183.420      30.7200      8.16000      122.000      2.09344     0.529919    0.0309855
1998-10-05/09:32:10      183.420      29.8100      8.48000      127.000      2.82921     0.601815    0.0394358
1998-10-05/09:32:30      183.380      28.6700      9.31000      120.000      2.53734     0.500000    0.0383519
1998-10-05/09:32:50      183.330      27.5400      7.90000      118.000      2.62505     0.469472    0.0404529
1998-10-05/09:33:10      183.330      26.3600      8.97000      123.000      1.61630     0.544639    0.0236587
1998-10-05/09:33:30      183.330      25.2100      9.20000      126.000      2.17909     0.587785    0.0307688
1998-10-05/09:33:50      183.540      23.9500      8.84000      113.000      1.64092     0.390731    0.0263628
1998-10-05/09:34:10      183.820      22.8200      8.82000      120.000      2.87450     0.500000    0.0434480
1998-10-05/09:34:30      184.000      21.7200      8.86000      118.000      2.18262     0.469472    0.0336349
1998-10-05/09:34:50      184.150      20.6500      9.98000      114.000      2.54404     0.406737    0.0405631
1998-10-05/11:21:31      186.420      65.2800      11.1800      53.0000      3.00177     0.601815    0.0418411
1998-10-05/11:21:51      185.800      62.9100      10.6500      47.0000      3.84916     0.681998    0.0491327
1998-10-05/11:22:10      185.270      59.9300      9.93000      47.0000      2.98051     0.681998    0.0380448
1998-10-05/11:22:30      185.110      58.2100      9.39000      53.0000      2.78934     0.601815    0.0388801
1998-10-05/11:22:50      185.110      56.0400      8.75000      51.0000      2.96915     0.629320    0.0402728
1998-10-05/11:23:10      185.690      54.0600      9.85000      52.0000      2.92358     0.615661    0.0402091
1998-10-05/11:23:31      185.700      52.6200      8.66000      52.0000      3.45851     0.615661    0.0475662
1998-10-05/11:23:51      185.890      51.1600      7.54000      51.0000      3.90398     0.629320    0.0529526
1998-10-05/11:24:11      185.970      49.3700      8.62000      56.0000      1.76984     0.559193    0.0256086
1998-10-05/11:24:31      186.410      48.0300      9.54000      53.0000      2.45908     0.601815    0.0342767
1998-10-05/11:24:52      186.540      46.4100      8.63000      49.0000      3.40025     0.656059    0.0447887
1998-10-05/11:25:12      186.780      44.8800      8.08000      59.0000      2.87450     0.515038    0.0430036
1998-10-05/11:25:32      186.750      43.5600      6.19000      62.0000      3.04900     0.469472    0.0469861
1998-10-05/11:25:52      186.610      42.4700      6.81000      56.0000      2.04324     0.559193    0.0295645
1998-10-05/11:26:11      186.650      41.5300      15.5000      57.0000      2.40317     0.544639    0.0351766
1998-10-05/11:26:31      186.810      40.8300      18.3000      55.0000      1.40634     0.573576    0.0201063
1998-10-05/11:26:51      187.560      40.7800      11.5700      53.0000      3.07954     0.601815    0.0429252
1998-10-05/11:27:11      187.360      39.2700      9.52000      57.0000      2.14938     0.544639    0.0314617
1998-10-05/11:27:32      187.500      38.1000      9.31000      52.0000      3.18256     0.615661    0.0437710
1998-10-05/11:27:52      188.220      36.7600      9.41000      60.0000      2.45967     0.500000    0.0371779
1998-10-05/11:28:12      188.720      35.2700      9.33000      59.0000      2.31453     0.515038    0.0346263
1998-10-05/11:28:32      188.730      33.5100      9.35000      62.0000      2.05042     0.469472    0.0315977
1998-10-05/11:28:51      188.240      31.7700      8.96000      60.0000      2.45967     0.500000    0.0371779
1998-10-05/11:29:11      187.710      30.0700      9.18000      64.0000      3.47634     0.438371    0.0545331
1998-10-05/13:16:13      193.740      74.8400      9.22000      127.000      3.57709     0.601815    0.0498604
1998-10-05/13:16:33      189.510      70.8400      9.22000      126.000      3.44405     0.587785    0.0486300
1998-10-05/13:16:52      188.160      68.9000      9.13000      121.000      2.86288     0.515038    0.0428298
1998-10-05/13:17:12      187.450      67.2300      9.13000      121.000      2.56239     0.515038    0.0383344
1998-10-05/13:17:32      186.670      65.4300      9.33000      125.000      2.54251     0.573576    0.0363500
1998-10-05/13:17:52      185.750      63.4400      9.27000      125.000      1.84329     0.573576    0.0263533
1998-10-05/13:18:13      185.340      61.8800      9.21000      118.000      3.10994     0.469472    0.0479252
1998-10-05/13:18:33      185.000      60.3800      9.33000      134.000      2.70510     0.694658    0.0339621
1998-10-05/13:18:53      184.650      58.8300      9.41000      118.000      2.91367     0.469472    0.0449007
1998-10-05/13:19:13      184.400      57.4400      9.42000      120.000      2.97762     0.500000    0.0450067
1998-10-05/13:19:32      184.220      56.2100      9.42000      127.000      2.74226     0.601815    0.0382239
1998-10-05/13:19:52      184.130      55.0300      9.40000      127.000      3.82036     0.601815    0.0532513
1998-10-05/13:20:12      184.090      53.9000      9.39000      121.000      7.33576     0.515038     0.109746
1998-10-05/13:20:32      183.960      52.7300      9.41000      121.000      2.75133     0.515038    0.0411610
1998-10-05/13:20:53      183.930      51.7100      9.37000      127.000      3.32400     0.601815    0.0463326
1998-10-05/13:21:13      183.890      50.6200      9.26000      124.000      1.43726     0.559193    0.0207963
1998-10-05/13:21:33      183.860      49.5800      9.24000      122.000      2.11743     0.529919    0.0313406
1998-10-05/13:21:53      183.830      48.4800      9.23000      124.000      1.94146     0.559193    0.0280918
1998-10-05/13:22:12      183.800      47.4600      9.24000      126.000      2.65970     0.587785    0.0375550
1998-10-05/13:22:32      183.720      46.3000      9.24000      125.000      2.47499     0.573576    0.0353847
1998-10-05/13:22:52      183.640      45.1000      9.14000      121.000      2.94793     0.515038    0.0441022
1998-10-05/13:23:12      183.590      43.8600      9.10000      127.000      2.82921     0.601815    0.0394358
1998-10-05/13:23:33      183.570      42.5900      9.08000      130.000      2.71760     0.642788    0.0363343
1998-10-05/13:23:53      183.530      41.3500      9.29000      131.000      3.05442     0.656059    0.0402333
1998-10-05/13:24:13      183.470      40.0400      9.25000      122.000      2.66196     0.529919    0.0394003
1998-10-05/13:24:33      183.450      38.7600      9.18000      124.000      1.84570     0.559193    0.0267062
1998-10-05/13:24:52      183.460      37.6900      9.24000      136.000      2.05540     0.719340    0.0249198
1998-10-05/13:25:12      183.440      36.5700      9.13000      118.000      3.20731     0.469472    0.0494257
1998-10-05/13:25:32      183.410      35.5100      9.20000      119.000      2.64246     0.484810    0.0403371
1998-10-05/13:25:52      183.390      34.4500      9.32000      124.000      1.61080     0.559193    0.0233074
1998-10-05/13:26:13      183.260      33.2900      9.44000      133.000      2.45306     0.681998    0.0313122
1998-10-05/13:26:33      183.270      32.0900      9.48000      134.000      2.32540     0.694658    0.0291950
1998-10-05/13:26:53      183.250      30.9000      9.37000      132.000      3.42443     0.669131    0.0444160
1998-10-05/13:27:13      183.180      29.8100      9.40000      127.000      3.04156     0.601815    0.0423958
1998-10-05/13:27:32      183.140      28.8200      9.35000      115.000      2.69276     0.422618    0.0425942
1998-10-05/13:27:52      183.070      27.7400      9.32000      131.000      2.73849     0.656059    0.0360719
1998-10-05/13:28:12      183.000      26.6600      9.30000      127.000      3.32400     0.601815    0.0463326
1998-10-05/13:28:32      182.930      25.5700      9.20000      126.000      3.00177     0.587785    0.0423850
1998-10-05/13:28:53      182.890      24.4800      9.23000      138.000      3.47773     0.743145    0.0406148
1998-10-05/13:29:13      182.900      23.4200      9.27000      139.000      4.05259     0.754710    0.0464037
1998-10-05/13:29:33      182.890      22.2900      9.33000      124.000      2.07314     0.559193    0.0299972
1998-10-05/13:29:53      182.850      21.1400      9.51000      126.000      3.07954     0.587785    0.0434831
1998-10-05/13:30:12      182.810      20.0700      9.52000      131.000      5.06210     0.656059    0.0666788
1998-10-05/13:30:32      182.790      18.9200      11.4200      157.000      7.52651     0.920505    0.0513273
1998-10-05/13:30:52      182.760      17.8500      12.3300      109.000      4.47027     0.325568    0.0737702
1998-10-05/13:31:12      182.690      16.8000      12.0700      113.000      2.10025     0.390731    0.0337423
1998-10-05/13:31:33      182.650      15.7500      10.0100      115.000      4.90301     0.422618    0.0775561
1998-10-05/13:31:53      182.650      14.6800      8.97000      109.000      5.30545     0.325568    0.0875527
1998-10-05/13:32:13      182.700      13.6600      11.1000      105.000      6.44406     0.258819     0.108638
1998-10-05/13:32:33      182.740      12.5500      12.4700      127.000      3.57709     0.601815    0.0498604
1998-10-05/13:32:53      182.760      11.3600      13.6900      107.000      3.13206     0.292372    0.0522762
1998-10-05/13:33:13      182.790      10.2400      12.8900      94.0000      3.27280    0.0697566    0.0569820
1998-10-05/13:34:33      182.690      5.85000      11.2000      151.000      13.2255     0.874620     0.111908
1998-10-05/13:34:53      182.610      4.85000      14.0800      145.000      3.28167     0.819152    0.0328521
1998-10-05/13:35:13      182.550      3.93000      14.4000      147.000      1.72647     0.838671    0.0164114
1998-10-05/13:35:33      182.540      2.98000      13.2200      140.000      5.94440     0.766045    0.0666888
1998-10-05/13:35:53      182.470      1.91000      12.3100      117.000      6.88610     0.453991     0.107086
1998-10-05/13:36:13      182.440     0.820000      12.0400      113.000      1.92248     0.390731    0.0308863
1998-10-05/13:36:33      182.460    -0.230000      11.5800      154.000      5.41266     0.898794    0.0414124
1998-10-05/13:36:53      182.440     -1.28000      11.7500      145.000      3.28167     0.819152    0.0328521
1998-10-05/13:37:13      182.400     -2.30000      10.8200      127.000      3.32400     0.601815    0.0463326
1998-10-05/13:37:33      182.330     -3.34000      11.3700      124.000      3.18371     0.559193    0.0460665
1998-10-05/13:37:53      182.270     -4.42000      11.9200      97.0000      3.41076     0.121869    0.0590853
1998-10-05/13:38:13      182.270     -5.47000      11.5100      124.000      4.16840     0.559193    0.0603144
1998-10-05/13:38:33      182.270     -6.55000      9.75000      116.000      3.45764     0.438371    0.0542397
1998-10-05/13:38:53      182.260     -7.64000      8.95000      148.000      3.88640     0.848048    0.0359447
1998-10-05/13:39:13      182.240     -8.73000      10.4000      142.000      4.08183     0.788011    0.0438606
1998-10-05/13:39:53      182.220     -10.8700      8.96000      134.000      8.01356     0.694658     0.100609
1998-10-05/13:40:13      182.220     -11.9200      9.27000      113.000      4.66686     0.390731    0.0749770
1998-10-05/13:40:33      182.210     -12.9700      10.9500      136.000      24.0070     0.719340     0.291063
1998-10-05/13:40:53      182.210     -13.9700      10.9800      135.000      9.18601     0.707107     0.113368
1998-10-05/13:41:13      182.260     -14.9400      9.66000      143.000      6.17974     0.798636    0.0649098
1998-10-05/13:47:33      181.810     -35.7800      8.70000      142.000      4.39176     0.788011    0.0471909
1998-10-05/13:47:53      181.820     -36.8500      8.67000      120.000      3.34165     0.500000    0.0505090
1998-10-05/13:48:13      181.800     -37.9000      10.0100      141.000      4.16401     0.777146    0.0457363
1998-10-05/13:48:33      181.740     -38.9800      10.3000      149.000      5.57718     0.857167    0.0501339
1998-10-05/13:48:53      181.710     -40.0600      10.4600      120.000      4.56678     0.500000    0.0690269
1998-10-05/13:49:13      181.730     -41.1700      10.2400      114.000      4.32846     0.406737    0.0690146
1998-10-05/13:49:33      181.740     -42.2700      9.90000      133.000      3.88307     0.681998    0.0495656
1998-10-05/13:49:53      181.720     -43.3500      10.4500      148.000      4.32652     0.848048    0.0400153
1998-10-05/13:50:13      181.690     -44.4700      10.6600      145.000      14.1386     0.819152     0.141539
1998-10-05/13:50:33      181.630     -45.5800      9.99000      131.000      6.26182     0.656059    0.0824817
1998-10-05/13:50:53      181.560     -46.7100      9.90000      120.000      2.68786     0.500000    0.0406270
1998-10-05/13:51:13      181.500     -47.8400      10.5300      145.000      2.08371     0.819152    0.0208596
1998-10-05/17:10:28      201.700      80.7100      9.68000      124.000      2.07314     0.559193    0.0299972
1998-10-05/17:10:48      192.050      77.0800      10.1600      124.000      1.68852     0.559193    0.0244319
1998-10-05/17:11:08      191.130      76.4700      9.15000      132.000      3.42443     0.669131    0.0444160
1998-10-05/17:11:27      188.810      73.7400      9.27000      126.000      3.78039     0.587785    0.0533791
1998-10-05/17:11:47      186.410      70.9400      9.21000      129.000      3.29006     0.629321    0.0446256
1998-10-05/17:12:07      183.920      68.0700      8.74000      121.000      2.63036     0.515038    0.0393512
1998-10-05/17:12:27      183.340      66.6800      8.78000      126.000      2.09236     0.587785    0.0295441
1998-10-05/17:12:48      182.550      64.9900      8.57000      124.000      1.40634     0.559193    0.0203489
1998-10-05/17:13:08      182.130      63.9200      8.52000      123.000      1.61630     0.544639    0.0236587
1998-10-05/17:13:28      183.490      62.6300      8.13000      127.000      3.18256     0.601815    0.0443611
1998-10-05/17:13:48      182.840      61.0000      7.77000      129.000      3.12558     0.629321    0.0423946
1998-10-05/17:14:07      182.510      59.7300      8.75000      121.000      2.69424     0.515038    0.0403069
1998-10-05/17:14:27      182.770      59.0600      12.2600      120.000      2.68786     0.500000    0.0406270
1998-10-05/17:14:47      184.570      58.2800      12.5500      105.000      5.12132     0.258819    0.0863382
1998-10-05/17:15:07      184.190      56.2100      10.8000      131.000      4.38158     0.656059    0.0577149
1998-10-05/17:15:27      182.880      54.6900      10.2700      123.000      3.32815     0.544639    0.0487160
1998-10-05/17:15:46      182.710      53.6800      10.2900      121.000      7.73894     0.515038     0.115778
1998-10-05/17:16:06      182.830      52.2600      9.54000      136.000      4.32886     0.719340    0.0524834
1998-10-05/17:16:26      182.650      50.9700      9.38000      131.000      3.97424     0.656059    0.0523494
1998-10-05/17:16:47      182.280      49.9000      9.48000      131.000      3.31843     0.656059    0.0437109
1998-10-05/17:17:07      182.500      48.5700      9.72000      135.000      3.37755     0.707107    0.0416835
1998-10-05/17:17:27      182.140      47.3100      9.43000      129.000      3.95825     0.629321    0.0536887
1998-10-05/17:17:47      182.010      46.2200      9.39000      127.000      3.32400     0.601815    0.0463326
1998-10-05/17:18:06      181.990      45.0600      9.50000      129.000      4.60242     0.629321    0.0624261
1998-10-05/17:18:26      181.780      43.8400      9.32000      118.000      3.01293     0.469472    0.0464303
1998-10-05/17:18:46      181.790      42.8100      9.30000      117.000      2.81654     0.453991    0.0438000
1998-10-05/17:19:06      181.710      41.7300      9.27000      121.000      2.86288     0.515038    0.0428298
1998-10-05/17:19:25      181.670      40.6300      9.25000      118.000      3.10994     0.469472    0.0479252
1998-10-05/17:19:45      181.620      39.5300      9.35000      123.000      1.76984     0.544639    0.0259061
1998-10-05/17:20:05      181.480      38.4200      9.31000      130.000      3.08779     0.642788    0.0412837
1998-10-05/17:20:25      181.440      37.3200      9.30000      122.000      2.19844     0.529919    0.0325396
1998-10-05/17:20:46      181.310      36.2100      9.31000      126.000      2.90571     0.587785    0.0410286
1998-10-05/17:21:06      181.250      35.1700      9.40000      121.000      2.69424     0.515038    0.0403069
1998-10-05/17:21:26      181.330      34.1500      9.45000      125.000      2.01076     0.573576    0.0287476
1998-10-05/17:21:46      181.410      33.0500      9.52000      126.000      2.90571     0.587785    0.0410286
1998-10-05/17:22:05      181.380      31.8600      9.50000      111.000      2.32941     0.358368    0.0379555
1998-10-05/17:22:25      181.330      30.6800      9.35000      120.000      3.14954     0.500000    0.0476053
1998-10-05/17:22:45      181.270      29.5100      9.26000      123.000      2.17132     0.544639    0.0317828
1998-10-05/17:23:05      181.200      28.4000      9.16000      126.000      3.00177     0.587785    0.0423850
1998-10-05/17:23:26      181.160      27.2900      9.10000      128.000      3.76307     0.615661    0.0517549
1998-10-05/17:23:46      181.100      26.2200      9.05000      124.000      2.07314     0.559193    0.0299972
1998-10-05/17:24:06      180.990      25.1300      9.12000      114.000      2.09785     0.406737    0.0334489
1998-10-05/17:24:26      180.960      24.1100      9.09000      117.000      2.81654     0.453991    0.0438000
1998-10-05/17:24:45      180.880      23.0400      9.00000      118.000      2.71868     0.469472    0.0418958
1998-10-05/17:25:05      180.860      21.9600      9.04000      124.000      1.94146     0.559193    0.0280918
1998-10-05/17:25:25      180.640      20.7600      9.07000      123.000      2.11018     0.544639    0.0308879
1998-10-05/17:25:45      180.480      19.7200      9.16000      132.000      2.82961     0.669131    0.0367010
1998-10-05/17:26:04      180.530      18.7100      9.25000      118.000      3.10994     0.469472    0.0479252
1998-10-05/17:26:24      180.520      17.6200      8.82000      132.000      2.54235     0.669131    0.0329751
1998-10-05/17:26:44      180.440      16.5000      9.04000      118.000      3.10994     0.469472    0.0479252
1998-10-05/17:27:04      180.340      15.4200      9.01000      119.000      2.87886     0.484810    0.0439458
1998-10-05/17:27:25      180.160      14.3100      9.17000      110.000      3.00121     0.342020    0.0492220
1998-10-05/17:27:45      180.080      13.2300      9.12000      118.000      3.10994     0.469472    0.0479252
1998-10-05/17:28:04      179.950      12.1700      9.26000      131.000      4.20512     0.656059    0.0553905
1998-10-05/17:28:24      179.890      11.1300      9.27000      114.000      2.54404     0.406737    0.0405631
1998-10-05/17:28:44      179.830      10.1200      9.14000      145.000      4.44919     0.819152    0.0445399
1998-10-05/17:29:04      179.860      9.09000      9.13000      134.000      2.49403     0.694658    0.0313122
1998-10-05/17:29:24      179.850      7.99000      9.12000      136.000      3.14865     0.719340    0.0381745
1998-10-05/17:29:44      179.810      6.86000      9.10000      141.000      3.93486     0.777146    0.0432194
1998-10-05/17:30:04      179.790      5.67000      9.06000      122.000      2.14938     0.529919    0.0318135
1998-10-05/17:30:24      179.780      4.55000      8.97000      126.000      5.86017     0.587785    0.0827456
1998-10-05/17:30:44      179.720      3.46000      9.02000      127.000      4.38046     0.601815    0.0610584
1998-10-05/17:31:04      179.670      2.42000      9.11000      110.000      3.59163     0.342020    0.0589054
1998-10-05/17:31:24      179.730      1.48000      9.19000      119.000      4.47089     0.484810    0.0682481
1998-10-05/17:31:44      179.860     0.430000      9.27000      97.0000      3.70421     0.121869    0.0641688
1998-10-05/17:32:43      179.930     -2.85000      9.30000      150.000      4.06385     0.866026    0.0354638
1998-10-05/17:33:03      179.950     -3.87000      8.98000      131.000      3.55430     0.656059    0.0468178
1998-10-05/17:33:23      179.970     -4.96000      8.87000      142.000      3.45949     0.788011    0.0371733
1998-10-05/17:33:43      179.940     -6.08000      8.75000      105.000      2.24074     0.258819    0.0377757
1998-10-05/17:34:03      179.800     -7.17000      8.72000      109.000      3.28169     0.325568    0.0541558
1998-10-05/17:34:23      179.740     -8.21000      9.40000      135.000      1.78255     0.707107    0.0219991
1998-10-05/19:07:46      176.580      82.3000      7.27000      108.000      2.06552     0.309017    0.0342857
1998-10-05/19:08:25      177.310      77.0500      6.56000      114.000      1.76200     0.406737    0.0280940
1998-10-05/19:08:45      180.190      74.4800      7.89000      116.000      2.93375     0.438371    0.0460215
1998-10-05/19:09:05      180.200      72.3600      9.33000      122.000      2.11743     0.529919    0.0313406
1998-10-05/19:09:25      180.060      70.0700      8.32000      127.000      2.92358     0.601815    0.0407513
1998-10-05/19:09:46      180.570      68.5100      7.84000      126.000      2.27823     0.587785    0.0321686
1998-10-05/19:10:06      181.170      66.9800      7.90000      134.000      2.23258     0.694658    0.0280297
1998-10-05/19:10:26      181.050      65.4400      10.4400      124.000      1.84570     0.559193    0.0267062
1998-10-05/19:10:46      181.150      64.1800      10.3600      122.000      2.26089     0.529919    0.0334640
1998-10-05/19:11:05      180.720      62.5900      8.86000      131.000      3.18592     0.656059    0.0419655
1998-10-05/19:11:25      180.530      61.2500      8.92000      123.000      1.66979     0.544639    0.0244417
1998-10-05/19:11:45      180.440      59.9400      7.95000      126.000      3.07954     0.587785    0.0434831
1998-10-05/19:12:05      180.310      58.5300      8.25000      123.000      1.61630     0.544639    0.0236587
1998-10-05/19:12:24      180.270      57.3400      8.68000      124.000      1.55036     0.559193    0.0224328
1998-10-05/19:12:44      180.340      56.3500      9.31000      118.000      3.01293     0.469472    0.0464303
1998-10-05/19:13:04      180.530      55.0800      7.68000      121.000      2.80403     0.515038    0.0419494
1998-10-05/19:13:24      180.710      53.8800      7.76000      126.000      2.65970     0.587785    0.0375550
1998-10-05/19:13:45      180.830      52.7300      9.03000      132.000      2.98051     0.669131    0.0386582
1998-10-05/19:14:05      180.980      51.4300      8.58000      118.000      3.20731     0.469472    0.0494257
1998-10-05/19:14:25      181.090      50.2500      9.54000      117.000      4.15842     0.453991    0.0646676
1998-10-05/19:14:45      181.020      48.9800      8.42000      117.000      4.45875     0.453991    0.0693380
1998-10-05/19:15:04      180.890      47.7500      7.69000      142.000      3.23603     0.788011    0.0347722
1998-10-05/19:15:24      180.770      46.5000      8.78000      123.000      2.22103     0.544639    0.0325105
1998-10-05/19:15:44      180.470      44.9900      9.37000      119.000      2.72378     0.484810    0.0415785
1998-10-05/19:16:04      180.170      43.6700      9.54000      133.000      2.27454     0.681998    0.0290334
1998-10-05/19:16:23      180.050      42.4600      8.30000      130.000      3.76166     0.642788    0.0502934
1998-10-05/19:16:43      180.030      41.4100      8.24000      157.000      6.35738     0.920505    0.0433544
1998-10-05/19:17:03      179.850      40.2500      8.51000      118.000      3.73865     0.469472    0.0576139
1998-10-05/19:17:23      179.700      39.2600      8.81000      114.000      2.54404     0.406737    0.0405631
1998-10-05/19:17:44      179.680      38.2400      8.77000      123.000      2.04324     0.544639    0.0299081
1998-10-05/19:18:04      179.630      37.0700      8.96000      124.000      1.68852     0.559193    0.0244319
1998-10-05/19:18:24      179.610      35.9900      8.59000      132.000      2.82961     0.669131    0.0367010
1998-10-05/19:18:43      179.520      34.8300      8.56000      123.000      1.71277     0.544639    0.0250708
1998-10-05/19:19:03      179.540      33.7800      8.39000      116.000      2.25007     0.438371    0.0352967
1998-10-05/19:19:23      179.450      32.6100      8.36000      132.000      2.98051     0.669131    0.0386582
1998-10-05/19:19:43      179.350      31.4700      8.99000      132.000      2.89838     0.669131    0.0375929
1998-10-05/19:20:03      179.300      30.3300      8.64000      129.000      3.12558     0.629321    0.0423946
1998-10-05/19:20:23      179.280      29.1400      8.85000      104.000      4.68251     0.241922    0.0792976
1998-10-05/19:20:43      179.310      28.1100      8.43000      98.0000      3.37386     0.139173    0.0583119
1998-10-05/19:21:03      179.340      27.1200      8.29000      117.000      4.00009     0.453991    0.0622054
1998-10-05/19:21:23      179.270      25.9800      6.15000      136.000      3.75188     0.719340    0.0454881
1998-10-05/19:21:43      179.240      24.9300      5.62000      125.000      3.38424     0.573576    0.0483841
1998-10-05/19:22:03      179.230      23.8800      8.15000      104.000      4.29017     0.241922    0.0726534
1998-10-05/19:22:23      179.110      22.7300      8.40000      121.000      3.31091     0.515038    0.0495325
1998-10-05/19:22:43      179.070      21.5900      8.16000      117.000      3.38384     0.453991    0.0526221
1998-10-05/19:23:02      179.040      20.5100      8.31000      137.000      3.99400     0.731354    0.0475410
1998-10-05/19:23:22      179.090      19.4700      8.33000      117.000      8.31150     0.453991     0.129252
1998-10-05/19:23:42      179.090      18.4100      9.42000      132.000      3.42443     0.669131    0.0444160
1998-10-05/19:24:02      179.160      17.3700      9.75000      124.000      8.84075     0.559193     0.127921
1998-10-05/19:24:22      179.190      16.2900      10.8600      110.000      11.6098     0.342020     0.190409
1998-10-05/19:24:42      179.200      15.2400      9.91000      124.000      1.61080     0.559193    0.0233074
1998-10-05/19:25:02      179.220      14.1700      8.83000      137.000      3.99400     0.731354    0.0475410
1998-10-05/19:25:22      179.240      13.1300      8.94000      135.000      10.0537     0.707107     0.124076
1998-10-05/19:25:42      179.240      12.0900      9.32000      128.000      8.10632     0.615661     0.111489
1998-10-05/19:26:02      179.260      11.0400      9.32000      135.000      3.84070     0.707107    0.0473994
1998-10-05/19:26:21      179.220      9.97000      9.28000      114.000      2.54404     0.406737    0.0405631
1998-10-05/19:26:41      179.170      8.88000      9.14000      148.000      3.22192     0.848048    0.0297990
1998-10-05/19:27:01      179.120      7.80000      8.98000      143.000      8.14791     0.798636    0.0855828
1998-10-05/19:27:21      179.090      6.70000      9.01000      124.000      5.05511     0.559193    0.0731446
1998-10-05/19:27:41      179.100      5.62000      9.02000      142.000      6.25707     0.788011    0.0672342
1998-10-05/19:28:01      179.090      4.55000      8.96000      123.000      3.03702     0.544639    0.0444546
1998-10-05/19:28:21      179.090      3.45000      8.99000      140.000      5.23821     0.766045    0.0587662
1998-10-05/19:28:41      179.090      2.39000      8.87000      141.000      3.69811     0.777146    0.0406190
1998-10-05/19:29:01      179.070      1.31000      8.83000      129.000      7.84644     0.629321     0.106427
1998-10-05/19:29:21      179.050     0.220000      8.84000      144.000      3.66934     0.809017    0.0376430
1998-10-05/19:30:01      179.060     -1.94000      8.82000      113.000      1.97323     0.390731    0.0317016
1998-10-05/19:30:20      179.060     -3.01000      8.98000      150.000      4.22324     0.866026    0.0368547
1998-10-07/04:30:11      160.170      71.0000      9.02000      67.0000      1.74712     0.390731    0.0280690
1998-10-07/04:30:31      159.990      69.1500      8.95000      69.0000      2.83141     0.358368    0.0461351
1998-10-07/04:30:51      159.850      68.0000      8.88000      79.0000      3.10054     0.190809    0.0531204
1998-10-07/04:31:11      159.950      66.3800      8.72000      67.0000      2.39763     0.390731    0.0385199
1998-10-07/04:31:30      160.140      64.9400      8.70000      62.0000      2.58715     0.469472    0.0398689
1998-10-07/04:31:50      160.270      63.6200      8.56000      70.0000      3.44885     0.342020    0.0565637
1998-10-07/04:32:10      160.710      62.4500      8.43000      60.0000      2.64246     0.500000    0.0399408
1998-10-07/04:32:30      160.990      61.2500      8.52000      55.0000      2.16123     0.573576    0.0308989
1998-10-07/04:32:49      161.140      59.8300      8.59000      56.0000      1.66979     0.559193    0.0241609
1998-10-07/04:33:09      161.210      58.3900      8.45000      56.0000      1.66979     0.559193    0.0241609
1998-10-07/04:33:29      161.480      56.8000      8.41000      53.0000      2.27823     0.601815    0.0317558
1998-10-07/04:33:49      161.660      55.4600      8.45000      52.0000      2.92358     0.615661    0.0402091
1998-10-07/04:34:10      161.740      53.8000      8.59000      52.0000      2.82921     0.615661    0.0389112
1998-10-07/04:34:30      161.910      52.4700      8.58000      52.0000      4.13394     0.615661    0.0568557
1998-10-07/04:34:50      161.890      51.1700      8.73000      47.0000      2.72335     0.681998    0.0347623
1998-10-07/04:35:10      161.980      49.8300      8.52000      58.0000      2.49214     0.529919    0.0368867
1998-10-07/04:35:29      162.060      48.4500      8.22000      52.0000      2.64459     0.615661    0.0363721
1998-10-07/04:35:49      162.030      47.2200      8.58000      58.0000      2.49214     0.529919    0.0368867
1998-10-07/04:36:09      162.030      46.1700      8.69000      59.0000      3.05288     0.515038    0.0456723
1998-10-07/04:36:29      162.030      45.1200      8.73000      47.0000      2.82961     0.681998    0.0361186
1998-10-07/04:36:48      161.980      44.0600      8.80000      55.0000      1.68852     0.573576    0.0241406
1998-10-07/04:37:08      161.870      43.0200      8.77000      54.0000      1.84329     0.587785    0.0260273
1998-10-07/04:37:28      161.840      42.0400      8.94000      57.0000      2.14938     0.544639    0.0314617
1998-10-07/04:37:48      161.830      40.9300      8.82000      60.0000      2.87886     0.500000    0.0435140
1998-10-07/04:38:09      161.780      39.6500      8.71000      54.0000      1.71507     0.587785    0.0242168
1998-10-07/04:38:29      161.710      38.3400      8.69000      57.0000      2.81476     0.544639    0.0412012
1998-10-07/04:38:49      161.650      37.0900      8.71000      37.0000      2.99544     0.798635    0.0314631
1998-10-07/04:39:08      161.610      35.8400      8.62000      61.0000      2.62505     0.484810    0.0400714
1998-10-07/04:39:28      161.540      34.6900      8.52000      60.0000      2.22720     0.500000    0.0336641
1998-10-07/04:39:48      161.450      33.6100      8.62000      51.0000      3.61859     0.629320    0.0490817
1998-10-07/04:40:08      161.460      32.5000      8.71000      52.0000      3.18256     0.615661    0.0437710
1998-10-07/04:40:28      161.440      31.4600      8.82000      54.0000      2.12168     0.587785    0.0299581
1998-10-07/04:40:48      161.460      30.4300      8.93000      41.0000      3.35654     0.754710    0.0384337
1998-10-07/04:41:08      161.420      29.3800      9.03000      54.0000      2.47499     0.587785    0.0349469
1998-10-07/04:41:28      161.400      28.3500      11.8200      37.0000      4.39176     0.798635    0.0461295
1998-10-07/04:41:48      161.380      27.3000      11.2400      39.0000      3.90846     0.777146    0.0429294
1998-10-07/04:42:08      161.370      26.2300      9.53000      58.0000      2.56239     0.529919    0.0379265
1998-10-07/04:42:28      161.360      25.1200      8.89000      58.0000      2.42035     0.529919    0.0358242
1998-10-07/04:42:48      161.330      24.0100      11.0000      60.0000      3.00080     0.500000    0.0453571
1998-10-07/04:43:08      161.320      22.8900      11.3300      61.0000      3.56851     0.484810    0.0544733
1998-10-07/04:43:27      161.280      21.8200      11.7500      52.0000      3.57709     0.615661    0.0491971
1998-10-07/04:43:47      161.250      20.7600      11.6400      51.0000      3.76307     0.629320    0.0510414
1998-10-07/04:44:07      161.240      19.6900      9.70000      63.0000      4.57356     0.453990    0.0711234
1998-10-07/04:44:27      161.200      18.5900      8.25000      46.0000      2.81077     0.694658    0.0352888
1998-10-07/04:44:47      161.160      17.4600      11.3800      57.0000      2.19844     0.544639    0.0321798
1998-10-07/04:45:07      161.110      16.3700      9.35000      24.0000      2.58104     0.913545    0.0183225
1998-10-07/04:45:27      161.040      15.2900      10.0300      43.0000      2.31905     0.731354    0.0276039
1998-10-07/04:45:47      160.990      14.2200      10.7600      48.0000      3.31843     0.669131    0.0430411
1998-10-07/04:46:07      160.940      13.1500      10.8700      68.0000      2.53204     0.374607    0.0409745
1998-10-07/04:46:27      160.900      12.0300      12.6100      39.0000      4.02727     0.777146    0.0442344
1998-10-07/04:46:47      160.840      10.9300      11.5600      32.0000      3.29483     0.848048    0.0304733
1998-10-07/04:47:07      160.800      9.84000      10.3800      36.0000      2.70410     0.809017    0.0277408
1998-10-07/04:47:26      160.760      8.81000      10.9900      38.0000      3.60568     0.788011    0.0387442
1998-10-07/05:12:01      157.870     -72.4700      10.9800      58.0000      2.69424     0.529919    0.0398781
1998-10-07/05:12:21      158.480     -73.5100      10.5700      65.0000      1.58638     0.422618    0.0250934
1998-10-07/05:12:42      158.270     -74.4300      9.43000      70.0000      2.75142     0.342020    0.0451253
1998-10-07/05:13:01      157.840     -75.3000      10.2900      59.0000      2.87450     0.515038    0.0430036
1998-10-07/05:13:21      156.370     -76.2400      10.3800      62.0000      2.70413     0.469472    0.0416716
1998-10-07/05:13:41      154.500     -77.2300      11.0600      62.0000      2.31939     0.469472    0.0357426
1998-10-07/05:14:01      154.760     -77.9300      11.3800      60.0000      7.74654     0.500000     0.117089
1998-10-07/05:14:21      156.410     -78.5700      9.70000      59.0000      3.44536     0.515038    0.0515439
1998-10-07/05:14:41      157.990     -79.8300      9.88000      65.0000      2.09785     0.422618    0.0331839
1998-10-07/05:15:01      153.550     -81.2800      10.4500      59.0000      2.68786     0.515038    0.0402114
1998-10-07/05:15:21      154.350     -81.7700      10.2600      55.0000      1.50721     0.573576    0.0215484
1998-10-07/05:15:41      157.520     -84.2000      12.4300      60.0000      3.07917     0.500000    0.0465416
1998-10-07/05:16:01      164.900     -85.6500      12.1000      49.0000      4.24681     0.656059    0.0559397
1998-10-07/05:54:53      339.800      17.0900      15.0900      102.000      3.72861     0.207912    0.0636544
1998-10-07/05:55:34      337.720      20.7100      14.2200      105.000      20.0866     0.258819     0.338632
1998-10-07/05:55:54      342.590      22.6600      10.9200      145.000      14.1386     0.819152     0.141539
1998-10-07/05:56:14      341.780      22.7400      11.3900      140.000      28.7126     0.766045     0.322120
1998-10-07/05:56:33      342.040      23.5800      10.8300      138.000      9.76858     0.743145     0.114083
1998-10-07/05:56:53      342.480      24.3700      11.6200      150.000      35.6382     0.866026     0.311002
1998-10-07/05:57:13      341.740      23.2300      11.8700      144.000      7.97632     0.809017    0.0818274
1998-10-07/05:57:33      342.970      19.9500      11.4100      122.000      6.10862     0.529919    0.0904151
1998-10-07/05:57:54      341.140      26.3700      11.3900      98.0000      6.04806     0.139173     0.104531
1998-10-07/05:58:14      340.790      27.4800      11.5400      107.000      4.13682     0.292372    0.0690463
1998-10-07/05:58:54      341.090      29.5600      11.3300      121.000      3.56322     0.515038    0.0533072
1998-10-07/05:59:13      340.410      30.3500      10.5100      113.000      1.58863     0.390731    0.0255227
1998-10-07/05:59:33      340.540      31.4500      9.53000      114.000      2.05132     0.406737    0.0327070
1998-10-07/05:59:53      340.580      32.5100      11.2300      120.000      2.81804     0.500000    0.0425947
1998-10-07/06:00:13      340.320      34.1200      9.99000      106.000      3.23908     0.275637    0.0543426
1998-10-07/06:00:32      339.930      34.6400      9.56000      97.0000      3.17298     0.121869    0.0549662
1998-10-07/06:00:52      340.130      34.8400      10.0700      113.000      2.19499     0.390731    0.0352644
1998-10-07/06:01:12      340.650      36.3800      10.7500      112.000      2.09250     0.374607    0.0338617
1998-10-07/06:01:32      340.120      38.7000      10.2000      93.0000      2.45544    0.0523359    0.0427968
1998-10-07/06:02:53      339.170      44.7000      9.99000      98.0000      2.47734     0.139173    0.0428170
1998-10-07/06:03:12      339.690      45.6900      9.62000      104.000      3.37305     0.241922    0.0571221
1998-10-07/06:03:32      339.560      46.6200      9.76000      101.000      1.78652     0.190809    0.0306078
1998-10-07/06:03:52      339.780      47.5100      9.93000      103.000      2.32163     0.224951    0.0394816
1998-10-07/06:04:12      340.320      47.9900      9.74000      112.000      2.95217     0.374607    0.0477732
1998-10-07/06:04:33      340.730      48.6300      9.56000      125.000      5.26571     0.573576    0.0752833
1998-10-07/06:04:52      341.140      48.7800      8.89000      139.000      7.50324     0.754710    0.0859150
1998-10-07/06:05:12      340.930      49.1400      9.28000      135.000      2.24506     0.707107    0.0277071
1998-10-07/06:05:32      340.530      50.2100      9.28000      129.000      3.48074     0.629321    0.0472119
1998-10-07/06:05:52      340.670      51.9900      7.95000      127.000      5.17975     0.601815    0.0721996
1998-10-07/06:06:12      340.410      53.1700      10.4900      109.000      5.05363     0.325568    0.0833971
1998-10-07/06:06:32      340.150      54.0500      11.3700      141.000      8.80604     0.777146    0.0967230
1998-10-07/06:07:32      341.330      57.4700      10.2200      132.000      7.76444     0.669131     0.100707
1998-10-07/06:07:52      341.530      58.5000      9.74000      140.000      8.83418     0.766045    0.0991085
1998-10-07/06:08:12      341.290      60.3000      9.89000      128.000      8.10632     0.615661     0.111489
1998-10-07/06:08:32      339.710      61.1600      9.78000      112.000      2.29214     0.374607    0.0370924
1998-10-07/06:08:52      340.020      62.2100      10.5200      114.000      3.09401     0.406737    0.0493321
1998-10-07/06:09:12      340.100      63.0500      10.9400      110.000      4.30470     0.342020    0.0706002
1998-10-07/06:09:32      340.510      64.1600      10.6600      115.000      5.07437     0.422618    0.0802667
1998-10-07/06:11:11      337.690      66.8900      9.86000      92.0000      2.74829    0.0348995    0.0479375
1998-10-07/06:11:51      340.540      70.4900      9.43000      126.000      7.40466     0.587785     0.104554
1998-10-07/06:12:11      340.930      71.7100      9.84000      126.000      8.38981     0.587785     0.118464
1998-10-07/06:12:31      340.680      73.1400      9.99000      123.000      6.37952     0.544639    0.0933806
1998-10-07/06:12:51      340.610      74.1500      9.86000      118.000      7.99793     0.469472     0.123251
1998-10-07/06:13:11      340.220      75.1500      9.82000      114.000      5.18252     0.406737    0.0826320
1998-10-07/06:13:31      339.820      76.3200      9.83000      112.000      4.05729     0.374607    0.0656567
1998-10-07/06:13:51      338.870      77.5700      9.62000      119.000      4.89643     0.484810    0.0747440
1998-10-07/06:14:11      336.510      78.7800      9.54000      110.000      3.07254     0.342020    0.0503919
1998-10-07/06:14:31      333.160      79.7000      9.74000      91.0000      7.21268    0.0174525     0.125866
1998-10-07/06:14:51      331.750      80.7300      9.78000      114.000      2.74282     0.406737    0.0437326
1998-10-07/06:15:11      331.290      81.8700      9.76000      117.000      3.60112     0.453991    0.0560010
1998-10-07/06:15:31      329.110      83.0100      9.63000      104.000      2.98416     0.241922    0.0505363
1998-10-07/06:15:51      327.730      84.2600      9.50000      95.0000      3.72461    0.0871559    0.0647593
1998-10-07/07:08:01      159.580     -65.4100      9.65000      48.0000      3.55430     0.669131    0.0461004
1998-10-07/07:08:21      159.100     -66.9100      9.75000      54.0000      3.38424     0.587785    0.0477855
1998-10-07/07:08:41      157.860     -68.1500      9.88000      57.0000      2.33138     0.544639    0.0341257
1998-10-07/07:09:01      158.500     -69.2700      10.0300      55.0000      1.77427     0.573576    0.0253666
1998-10-07/07:09:21      159.360     -69.6000      9.90000      50.0000      3.48074     0.642788    0.0465375
1998-10-07/07:09:40      159.270     -70.3000      9.67000      56.0000      2.43576     0.559193    0.0352441
1998-10-07/07:10:00      158.290     -71.0500      9.61000      52.0000      4.38046     0.615661    0.0602461
1998-10-07/07:10:20      157.300     -72.1400      9.69000      63.0000      2.75008     0.453990    0.0427665
1998-10-07/07:10:40      156.830     -72.9400      9.65000      58.0000      2.35910     0.529919    0.0349176
1998-10-07/07:11:01      156.280     -74.0900      9.54000      62.0000      2.31939     0.469472    0.0357426
1998-10-07/07:11:20      157.420     -75.5900      9.63000      65.0000      2.37061     0.422618    0.0374984
1998-10-07/07:11:40      158.240     -76.4200      9.82000      55.0000      1.84570     0.573576    0.0263878
1998-10-07/07:12:00      157.740     -77.3000      9.75000      56.0000      1.83647     0.559193    0.0265727
1998-10-07/07:12:19      156.520     -78.5400      9.58000      53.0000      2.37413     0.601815    0.0330926
1998-10-07/07:12:39      154.100     -80.3100      9.64000      55.0000      1.32967     0.573576    0.0190102
1998-10-07/07:12:59      150.620     -81.4300      9.69000      60.0000      2.10667     0.500000    0.0318423
1998-10-07/07:13:19      151.580     -81.9800      9.73000      59.0000      2.81804     0.515038    0.0421590
1998-10-07/07:13:39      156.800     -83.5200      9.91000      55.0000      1.90183     0.573576    0.0271903
1998-10-07/07:13:59      153.910     -84.5800      9.85000      55.0000      1.50721     0.573576    0.0215484
1998-10-07/07:14:18      150.200     -85.0600      9.62000      53.0000      2.90571     0.601815    0.0405022
1998-10-07/07:32:55      338.440     -50.3500      9.69000      132.000      3.16030     0.669131    0.0409901
1998-10-07/07:33:15      338.710     -49.0200      10.1300      122.000      2.09344     0.529919    0.0309855
1998-10-07/07:33:35      339.120     -46.8300      10.1200      134.000      2.13954     0.694658    0.0268616
1998-10-07/07:33:55      339.430     -45.6900      10.0500      125.000      1.64420     0.573576    0.0235070
1998-10-07/07:34:15      339.930     -43.4300      10.1000      125.000      1.84329     0.573576    0.0263533
1998-10-07/07:34:35      340.840     -41.3600      10.1600      137.000      2.77105     0.731354    0.0329841
1998-10-07/07:34:55      341.160     -40.2800      10.1200      136.000      2.11341     0.719340    0.0256231
1998-10-07/07:35:15      341.220     -39.4800      9.93000      129.000      2.78939     0.629321    0.0378346
1998-10-07/07:35:35      339.860     -38.9300      9.83000      127.000      2.74226     0.601815    0.0382239
1998-10-07/07:35:55      339.450     -37.4200      9.81000      151.000      4.74479     0.874620    0.0401482
1998-10-07/07:36:15      337.550     -37.5300      9.80000      134.000      5.00893     0.694658    0.0628864
1998-10-07/07:36:35      336.080     -37.0000      9.69000      91.0000      3.29495    0.0174525    0.0574990
1998-10-07/07:36:55      331.950     -41.2900      9.73000      143.000      11.4444     0.798636     0.120208
1998-10-07/07:37:54      338.330     -33.9900      9.88000      142.000      3.39940     0.788011    0.0365276
1998-10-07/07:38:14      339.450     -31.4100      9.97000      157.000      1.79066     0.920505    0.0122115
1998-10-07/07:38:34      339.700     -29.9300      9.97000      155.000      2.74154     0.906308    0.0202218
1998-10-07/07:38:54      340.040     -27.9900      10.0000      118.000      21.8068     0.469472     0.336050
1998-10-07/07:39:14      340.170     -26.5200      10.1200      115.000      2.90088     0.422618    0.0458863
1998-10-07/07:39:34      340.190     -25.0700      9.83000      123.000      1.52507     0.544639    0.0223233
1998-10-07/07:39:54      339.960     -23.5300      9.87000      126.000      2.37413     0.587785    0.0335227
1998-10-07/07:40:14      339.590     -22.2700      9.74000      119.000      2.72378     0.484810    0.0415785
1998-10-07/07:40:34      339.480     -21.4800      9.84000      120.000      2.87450     0.500000    0.0434480
1998-10-07/07:43:33      338.070     -11.6700      12.1400      130.000      8.71274     0.642788     0.116489
1998-10-07/07:43:53      338.000     -11.9700      11.0000      100.000      3.55340     0.173648    0.0610763
1998-10-07/07:44:13      337.690     -11.6200      9.59000      91.0000      3.29495    0.0174525    0.0574990
1998-10-07/07:44:53      338.510     -8.46000      9.14000      106.000      3.98240     0.275637    0.0668134
1998-10-07/07:46:13      340.180     -1.50000      10.8500      137.000      4.84314     0.731354    0.0576485
1998-10-07/07:46:33      340.190    -0.550000      11.6200      124.000      4.60390     0.559193    0.0666158
1998-10-07/07:46:53      340.700     0.690000      11.3000      146.000      10.6540     0.829038     0.103980
1998-10-07/07:47:12      340.560      1.98000      11.5800      135.000      7.14918     0.707107    0.0882305
1998-10-07/07:47:32      340.340      2.69000      11.6100      134.000      4.40170     0.694658    0.0552627
1998-10-07/07:47:52      340.290      3.79000      9.18000      132.000      4.84587     0.669131    0.0628525
1998-10-07/07:48:13      340.120      4.90000      12.2600      117.000      4.45875     0.453991    0.0693380
1998-10-07/07:48:33      340.190      5.23000      11.4500      118.000      4.54485     0.469472    0.0700377
1998-10-07/07:48:53      340.740      5.37000      10.3700      143.000      7.85634     0.798636    0.0825203
1998-10-07/07:49:13      340.900      5.55000      11.5400      141.000      8.28318     0.777146    0.0909801
1998-10-07/07:49:32      340.850      6.18000      11.2500      142.000      5.76805     0.788011    0.0619795
1998-10-07/07:49:52      340.740      6.80000      12.0500      140.000      5.62951     0.766045    0.0631561
1998-10-07/07:50:12      340.150      8.02000      11.8300      119.000      3.71706     0.484810    0.0567409
1998-10-07/07:50:32      339.080      8.63000      10.9700      113.000      1.46827     0.390731    0.0235890
1998-10-07/07:50:51      339.110      9.06000      11.5600      114.000      1.38339     0.406737    0.0220573
1998-10-07/07:51:11      339.050      10.8900      10.7800      100.000      1.74092     0.173648    0.0299232
1998-10-07/07:51:31      339.150      11.6000      10.0400      106.000      1.68002     0.275637    0.0281860
1998-10-07/07:51:51      339.580      12.4200      10.1200      110.000      2.20291     0.342020    0.0361293
1998-10-07/07:52:12      339.740      13.3700      10.8300      111.000      2.32941     0.358368    0.0379555
1998-10-07/07:52:32      340.060      14.5000      10.1300      122.000      2.66196     0.529919    0.0394003
1998-10-07/07:52:52      340.080      16.1100      10.7500      124.000      2.16123     0.559193    0.0312718
1998-10-07/07:53:12      339.860      17.5800      9.96000      118.000      2.81502     0.469472    0.0433804
1998-10-07/07:53:31      339.640      19.3300      9.85000      110.000      3.00121     0.342020    0.0492220
1998-10-07/07:53:51      339.710      21.0600      11.2200      112.000      3.28072     0.374607    0.0530900
1998-10-07/07:54:11      339.920      22.5800      9.55000      126.000      6.22073     0.587785    0.0878368
1998-10-07/07:54:31      340.040      23.9600      10.3600      132.000      8.05910     0.669131     0.104529
1998-10-07/07:54:52      340.190      25.4200      14.3200      142.000      8.84563     0.788011    0.0950491
1998-10-07/07:55:12      340.280      26.5800      13.2800      139.000      9.54998     0.754710     0.109351
1998-10-07/07:55:32      339.970      27.8100      15.1400      128.000      9.67942     0.615661     0.133125
1998-10-07/07:55:52      339.770      28.9200      15.6900      130.000      4.50733     0.642788    0.0602630
1998-10-07/07:56:31      338.870      31.1000      14.0000      109.000      2.90309     0.325568    0.0479080
1998-10-07/07:56:51      339.080      32.2700      13.7300      107.000      3.59803     0.292372    0.0600535
1998-10-07/07:57:30      339.530      32.7800      10.9400      107.000      5.27146     0.292372    0.0879842
1998-10-07/07:57:50      339.750      34.2600      10.5400      115.000      6.70687     0.422618     0.106090
1998-10-07/07:58:10      339.580      35.2900      11.3600      109.000      5.45873     0.325568    0.0900822
1998-10-07/07:58:30      339.530      36.4000      11.6400      109.000      5.39605     0.325568    0.0890478
1998-10-07/07:58:51      339.570      37.7700      11.4100      112.000      4.85743     0.374607    0.0786049
1998-10-07/07:59:11      339.850      38.6500      11.1100      120.000      7.20927     0.500000     0.108968
1998-10-07/07:59:31      340.070      39.5300      10.5100      126.000      7.03291     0.587785    0.0993048
1998-10-07/07:59:51      340.270      40.6900      11.6800      134.000      8.01356     0.694658     0.100609
1998-10-07/08:00:10      340.260      41.6800      10.4100      139.000      10.2414     0.754710     0.117268
1998-10-07/08:00:30      339.820      42.2100      10.0000      124.000      7.72540     0.559193     0.111782
1998-10-07/08:00:50      339.080      42.5100      10.4500      102.000      1.80454     0.207912    0.0308069
1998-10-07/08:01:10      338.690      42.8000      10.8200      103.000      1.37376     0.224951    0.0233621
1998-10-07/08:01:31      338.760      43.4300      11.5300      104.000      1.64793     0.241922    0.0279075
1998-10-07/08:01:51      338.620      45.0100      11.1100      113.000      1.39088     0.390731    0.0223457
1998-10-07/08:02:10      338.130      46.4500      10.9900      99.0000      2.42219     0.156434    0.0417547
1998-10-07/08:02:30      338.040      46.5800      10.5800      110.000      2.39465     0.342020    0.0392740
1998-10-07/08:02:50      337.650      47.6500      10.4500      117.000      2.70413     0.453991    0.0420519
1998-10-07/08:03:10      336.730      48.1100      10.5400      123.000      2.68240     0.544639    0.0392638
1998-10-07/08:03:30      334.510      46.4100      10.7300      143.000      8.14791     0.798636    0.0855828
1998-10-07/08:03:50      334.240      43.6900      10.7200      96.0000      3.64446     0.104529    0.0632594
1998-10-07/08:04:10      336.670      41.9600      10.4100      111.000      2.41315     0.358368    0.0393200
1998-10-07/08:04:30      340.010      44.2800      10.3700      124.000      1.43726     0.559193    0.0207963
1998-10-07/08:04:50      343.290      46.6200      10.3800      134.000      2.13954     0.694658    0.0268616
1998-10-07/08:05:30      345.770      45.5700      12.3100      140.000      4.26135     0.766045    0.0478071
