1998-08-06/07:32:39      277.020      27.1100      9.46000      112.000      1.68015     0.374607    0.0271889
1998-08-06/07:33:39      275.900      23.7700      10.6800      115.000      2.62014     0.422618    0.0414455
1998-08-06/07:34:00      276.170      22.5100      10.1600      119.000      2.45967     0.484810    0.0375468
1998-08-06/07:35:00      275.500      18.8600      8.23000      116.000      3.23533     0.438371    0.0507524
1998-08-06/07:35:19      273.510      17.9300      8.75000      129.000      4.60242     0.629321    0.0624261
1998-08-06/07:35:39      274.500      16.8700      11.5000      144.000      3.41073     0.809017    0.0349899
1998-08-06/07:35:59      274.210      15.9400      11.9700      136.000      2.18785     0.719340    0.0265257
1998-08-06/07:36:19      273.810      15.0100      9.00000      122.000      2.14938     0.529919    0.0318135
1998-08-06/07:36:40      273.800      14.0300      6.28000      117.000      2.31939     0.453991    0.0360688
1998-08-06/07:37:00      273.910      13.1000      9.87000      111.000      2.01220     0.358368    0.0327869
1998-08-06/07:37:20      273.290      12.1300      11.3300      113.000      2.10025     0.390731    0.0337423
1998-08-06/07:37:40      273.600      11.1600      10.4600      112.000      1.61897     0.374607    0.0261988
1998-08-06/07:38:19      275.630      9.00000      9.06000      114.000      1.58638     0.406737    0.0252938
1998-08-06/07:38:59      274.690      6.70000      9.15000      115.000      2.26287     0.422618    0.0357942
1998-08-06/07:39:20      274.530      5.57000      9.02000      122.000      2.86821     0.529919    0.0424530
1998-08-06/07:39:40      273.710      4.56000      9.64000      117.000      2.18261     0.453991    0.0339418
1998-08-06/07:40:00      273.020      3.57000      8.95000      119.000      5.88945     0.484810    0.0899024
1998-08-06/07:40:20      272.890      2.61000      9.04000      116.000      2.25007     0.438371    0.0352967
1998-08-06/07:40:39      272.030      1.67000      9.87000      114.000      1.67200     0.406737    0.0266590
1998-08-06/07:40:59      270.670     0.500000      9.69000      107.000      3.13206     0.292372    0.0522762
1998-08-06/07:41:19      269.830    -0.620000      8.13000      109.000      2.57545     0.325568    0.0425011
1998-08-06/07:41:39      270.800     -1.69000      9.33000      113.000      1.78538     0.390731    0.0286836
1998-08-06/07:42:00      270.280     -2.68000      9.30000      112.000      1.68015     0.374607    0.0271889
1998-08-06/07:42:20      269.760     -3.88000      9.70000      114.000      1.94222     0.406737    0.0309675
1998-08-06/07:42:40      269.450     -5.16000      11.6400      110.000      2.45938     0.342020    0.0403356
1998-08-06/07:43:00      270.980     -6.13000      10.1200      111.000      1.97620     0.358368    0.0322003
1998-08-06/07:43:19      271.050     -7.01000      11.6400      110.000      2.20291     0.342020    0.0361293
1998-08-06/07:43:39      270.810     -8.05000      10.7900      108.000      2.15622     0.309017    0.0357912
1998-08-06/07:43:59      270.890     -9.23000      7.69000      108.000      2.15622     0.309017    0.0357912
1998-08-06/07:44:19      272.140     -10.4800      9.45000      109.000      2.41105     0.325568    0.0397881
1998-08-06/07:44:40      272.670     -11.5600      11.2300      103.000      1.65840     0.224951    0.0282027
1998-08-06/08:57:37      80.2700      50.0200      9.41000      102.000      2.23194     0.207912    0.0381034
1998-08-06/08:57:57      80.5400      51.0000      7.50000      98.0000      2.79037     0.139173    0.0482272
1998-08-06/08:58:17      79.9700      52.1200      8.16000      100.000      2.22837     0.173648    0.0383015
1998-08-06/08:58:37      79.2600      53.0200      8.48000      102.000      2.23194     0.207912    0.0381034
1998-08-06/08:58:57      78.5000      53.6200      9.31000      101.000      2.66120     0.190809    0.0455933
1998-08-06/08:59:17      79.0400      54.6900      7.90000      104.000      3.29861     0.241922    0.0558615
1998-08-06/08:59:37      78.5200      56.4200      8.97000      98.0000      4.26953     0.139173    0.0737922
1998-08-06/08:59:57      78.3700      57.4700      9.20000      106.000      3.50255     0.275637    0.0587629
1998-08-06/09:00:17      78.3800      58.8200      8.84000      97.0000      3.76633     0.121869    0.0652449
1998-08-06/09:00:37      77.3300      60.2900      8.82000      100.000      2.30634     0.173648    0.0396417
1998-08-06/09:00:57      77.2600      61.0400      8.86000      107.000      3.33396     0.292372    0.0556460
1998-08-06/09:01:17      77.8200      61.8300      9.98000      101.000      2.40509     0.190809    0.0412055
1998-08-06/09:01:37      76.7200      62.3200      11.1800      102.000      2.65735     0.207912    0.0453660
1998-08-06/09:01:57      76.5400      63.4900      10.6500      95.0000      3.90654    0.0871559    0.0679225
1998-08-06/09:02:17      76.1200      65.7000      9.93000      99.0000      3.16593     0.156434    0.0545756
1998-08-06/09:02:37      75.4900      66.4200      9.39000      99.0000      3.45414     0.156434    0.0595439
1998-08-06/09:02:57      74.8200      66.5700      8.75000      94.0000      3.80161    0.0697566    0.0661890
1998-08-06/09:03:17      75.4800      68.8800      9.85000      100.000      2.93754     0.173648    0.0504908
1998-08-06/09:03:37      74.9300      69.5000      8.66000      95.0000      4.02193    0.0871559    0.0699288
1998-08-06/09:03:57      74.7100      69.3200      7.54000      93.0000      4.11658    0.0523359    0.0717494
1998-08-06/09:04:17      75.1200      72.3900      8.62000      95.0000      3.40869    0.0871559    0.0592665
1998-08-06/09:04:36      75.5600      72.3500      9.54000      95.0000      3.64144    0.0871559    0.0633133
1998-08-06/09:04:56      76.3100      74.3400      8.63000      97.0000      3.70421     0.121869    0.0641688
1998-08-06/09:05:16      75.2500      75.4700      8.08000      100.000      2.47242     0.173648    0.0424963
1998-08-06/09:05:36      72.5300      76.5000      6.19000      99.0000      3.25690     0.156434    0.0561438
1998-08-06/09:05:57      73.6400      77.6300      6.81000      97.0000      3.62364     0.121869    0.0627730
1998-08-06/09:06:17      73.6500      78.5700      15.5000      99.0000      3.62819     0.156434    0.0625442
1998-08-06/09:06:37      73.1300      79.7200      18.3000      93.0000      3.13732    0.0523359    0.0546815
1998-08-06/09:06:57      73.3200      81.0200      11.5700      101.000      2.89487     0.190809    0.0495967
1998-08-06/09:07:16      71.4100      81.5600      9.52000      93.0000      3.21233    0.0523359    0.0559889
1998-08-06/09:07:36      71.7000      82.9500      9.31000      93.0000      7.16695    0.0523359     0.124915
1998-08-06/09:07:56      69.9300      84.1400      9.41000      99.0000      10.5664     0.156434     0.182148
1998-08-06/09:08:16      67.3300      85.2100      9.33000      94.0000      3.35741    0.0697566    0.0584551
1998-08-06/09:08:37      61.3500      86.0800      9.35000      93.0000      3.21233    0.0523359    0.0559889
1998-08-06/09:08:57      60.0800      87.4000      8.96000      94.0000      3.44888    0.0697566    0.0600477
1998-08-06/09:09:17      39.6200      88.3300      9.18000      93.0000      3.05252    0.0523359    0.0532035
1998-08-06/09:25:36      276.120      44.7000      9.22000      119.000      2.34718     0.484810    0.0358297
1998-08-06/09:25:56      273.190      42.8400      9.22000      115.000      1.78727     0.422618    0.0282711
1998-08-06/09:26:16      272.250      41.5000      9.13000      116.000      2.25007     0.438371    0.0352967
1998-08-06/09:26:36      274.090      40.5100      9.13000      118.000      2.04967     0.469472    0.0315861
1998-08-06/09:26:56      278.520      39.7200      9.33000      122.000      2.04105     0.529919    0.0302101
1998-08-06/09:38:36      272.920     0.300000      9.27000      119.000      2.87886     0.484810    0.0439458
1998-08-06/09:38:56      272.070    -0.680000      9.21000      123.000      2.43576     0.544639    0.0356536
1998-08-06/09:39:35      273.120     -2.72000      9.33000      116.000      3.01723     0.438371    0.0473310
1998-08-06/09:39:55      273.280     -3.54000      9.41000      114.000      1.85548     0.406737    0.0295845
1998-08-06/09:40:15      273.220     -4.45000      9.42000      118.000      3.30730     0.469472    0.0509666
1998-08-06/09:40:36      271.560     -5.38000      9.42000      116.000      2.93375     0.438371    0.0460215
1998-08-06/09:40:56      270.310     -6.17000      9.40000      114.000      1.58638     0.406737    0.0252938
1998-08-06/09:41:16      268.820     -6.99000      9.39000      110.000      2.83141     0.342020    0.0464372
1998-08-06/09:41:36      267.930     -7.71000      9.41000      103.000      1.73153     0.224951    0.0294463
1998-08-06/09:41:55      267.070     -8.52000      9.37000      106.000      1.80236     0.275637    0.0302385
1998-08-06/09:42:15      266.190     -9.49000      9.26000      107.000      1.89738     0.292372    0.0316685
1998-08-06/09:42:35      266.210     -10.5600      9.24000      112.000      1.68015     0.374607    0.0271889
1998-08-06/09:48:15      266.230     -29.5700      9.23000      114.000      1.85548     0.406737    0.0295845
1998-08-06/09:48:35      266.890     -30.8500      9.24000      114.000      2.00852     0.406737    0.0320246
1998-08-06/09:48:55      267.230     -31.9900      9.24000      115.000      2.62014     0.422618    0.0414455
1998-08-06/09:49:15      268.340     -33.3100      9.14000      114.000      2.97444     0.406737    0.0474256
1998-08-06/09:49:35      268.940     -34.4700      9.10000      115.000      3.16159     0.422618    0.0500102
1998-08-06/09:49:55      270.070     -35.7200      9.08000      111.000      2.59786     0.358368    0.0423297
1998-08-06/09:50:15      271.270     -36.8700      9.29000      108.000      3.35424     0.309017    0.0556773
1998-08-06/09:50:35      272.330     -37.9300      9.25000      109.000      3.28169     0.325568    0.0541558
1998-08-06/09:50:55      273.560     -38.9500      9.18000      108.000      3.59103     0.309017    0.0596077
1998-08-06/09:51:15      274.900     -39.7400      9.24000      105.000      2.46569     0.258819    0.0415680
1998-08-06/09:51:55      276.050     -41.5200      9.13000      104.000      2.01372     0.241922    0.0341021
1998-08-06/11:28:32      275.050      27.3500      9.20000      115.000      10.0254     0.422618     0.158582
1998-08-06/11:28:52      273.430      26.2400      9.32000      118.000      10.2804     0.469472     0.158424
1998-08-06/11:29:12      271.970      25.0200      9.44000      112.000      7.47161     0.374607     0.120909
1998-08-06/11:29:32      271.330      23.8600      9.48000      112.000      8.75018     0.374607     0.141599
1998-08-06/11:29:52      270.930      22.7500      9.37000      115.000      9.95592     0.422618     0.157483
1998-08-06/11:30:12      270.010      21.6200      9.40000      114.000      20.2240     0.406737     0.322459
1998-08-06/11:30:32      269.110      20.5500      9.35000      118.000      21.8068     0.469472     0.336050
1998-08-06/11:30:52      269.220      19.5600      9.32000      114.000      20.2240     0.406737     0.322459
1998-08-06/11:31:12      270.380      18.4700      9.30000      114.000      9.08406     0.406737     0.144840
1998-08-06/11:31:32      270.290      17.4300      9.20000      115.000      7.99577     0.422618     0.126478
1998-08-06/11:31:52      270.320      16.3300      9.23000      112.000      6.79187     0.374607     0.109909
1998-08-06/11:32:12      269.600      15.2800      9.27000      113.000      8.65085     0.390731     0.138983
1998-08-06/11:32:32      269.310      14.2700      9.33000      117.000      10.2070     0.453991     0.158729
1998-08-06/11:32:52      268.710      13.2200      9.51000      114.000      9.16334     0.406737     0.146104
1998-08-06/11:33:12      267.760      12.1800      9.52000      116.000      21.9194     0.438371     0.343848
1998-08-06/11:33:32      267.270      11.1500      11.4200      108.000      8.74498     0.309017     0.145159
1998-08-06/11:34:11      266.540      9.05000      12.3300      112.000      6.37525     0.374607     0.103167
1998-08-06/11:34:31      265.710      7.73000      12.0700      119.000      8.89926     0.484810     0.135847
1998-08-06/11:34:51      265.360      6.47000      10.0100      125.000      9.47304     0.573576     0.135435
1998-08-06/11:35:12      265.310      5.09000      8.97000      107.000      22.5796     0.292372     0.376869
1998-08-06/11:35:32      265.150      3.80000      11.1000      118.000      8.69876     0.469472     0.134051
1998-08-06/11:35:52      264.840      2.64000      12.4700      118.000      8.07114     0.469472     0.124379
1998-08-06/11:36:12      264.560      1.53000      13.6900      119.000      10.2970     0.484810     0.157184
1998-08-06/11:36:31      264.360     0.510000      12.8900      114.000      5.84843     0.406737    0.0932496
1998-08-06/11:36:51      264.410    -0.570000      11.2000      106.000      26.2936     0.275637     0.441133
1998-08-06/11:37:11      264.500     -1.60000      14.0800      111.000      10.3407     0.358368     0.168492
1998-08-06/11:37:31      264.650     -2.66000      14.4000      116.000      8.88126     0.438371     0.139320
1998-08-06/11:37:52      264.440     -3.71000      13.2200      116.000      6.06317     0.438371    0.0951124
1998-08-06/11:38:12      264.250     -4.74000      12.3100      117.000      6.66541     0.453991     0.103654
1998-08-06/11:38:31      264.360     -5.77000      12.0400      114.000      3.93486     0.406737    0.0627389
1998-08-06/11:38:51      264.930     -6.81000      11.5800      113.000      2.64073     0.390731    0.0424255
1998-08-06/11:39:11      264.750     -7.84000      11.7500      115.000      6.18140     0.422618    0.0977777
1998-08-06/11:39:31      264.380     -8.87000      10.8200      112.000      5.97429     0.374607    0.0966784
1998-08-06/11:39:51      264.590     -9.99000      11.3700      118.000      7.99793     0.469472     0.123251
1998-08-06/11:40:11      264.490     -11.1400      11.9200      120.000      7.36306     0.500000     0.111293
1998-08-06/11:40:31      264.420     -12.3900      11.5100      118.000      7.99793     0.469472     0.123251
1998-08-06/11:40:51      264.370     -13.5200      9.75000      115.000      5.27870     0.422618    0.0834988
1998-08-06/11:41:11      264.530     -14.7100      8.95000      113.000      4.23993     0.390731    0.0681180
1998-08-06/11:41:31      264.800     -16.0100      10.4000      111.000      4.67092     0.358368    0.0761082
1998-08-06/11:41:51      264.950     -17.0900      8.96000      117.000      5.09721     0.453991    0.0792667
1998-08-06/11:42:11      265.450     -18.1000      9.27000      108.000      5.21591     0.309017    0.0865792
1998-08-06/11:48:11      262.940     -38.1700      10.9500      92.0000      3.53082    0.0348995    0.0615869
1998-08-06/11:48:31      263.170     -38.9000      10.9800      91.0000      3.85790    0.0174525    0.0673228
1998-08-06/11:48:51      265.540     -40.1900      9.66000      97.0000      5.76105     0.121869    0.0997998
1998-08-06/11:49:11      267.380     -40.9700      8.70000      104.000      6.34069     0.241922     0.107379
1998-08-06/11:49:31      267.490     -42.1900      8.67000      104.000      4.98392     0.241922    0.0844020
1998-08-06/11:49:51      268.500     -43.4100      10.0100      109.000      4.92358     0.325568    0.0812510
1998-08-06/11:50:11      271.020     -44.9100      10.3000      109.000      5.20272     0.325568    0.0858574
1998-08-06/18:13:38      92.9300     -48.7100      10.4600      60.0000      3.29344     0.500000    0.0497803
1998-08-06/18:13:58      90.0900     -48.0600      10.2400      61.0000      2.81502     0.484810    0.0429713
1998-08-06/18:14:18      87.9400     -47.1200      9.90000      57.0000      3.96800     0.544639    0.0580819
1998-08-06/18:14:38      88.3400     -46.1700      10.4500      60.0000      2.72378     0.500000    0.0411699
1998-08-06/18:14:57      91.8300     -45.3300      10.6600      62.0000      2.81654     0.469472    0.0434038
1998-08-06/18:18:37      84.0400     -33.9600      9.99000      78.0000      1.78652     0.207912    0.0304993
1998-08-06/18:18:58      81.9000     -32.7000      9.90000      76.0000      2.99630     0.241922    0.0507419
1998-08-06/18:19:18      80.9300     -31.5300      10.5300      53.0000      5.86017     0.601815    0.0816839
1998-08-06/18:19:38      80.5200     -30.3700      9.68000      57.0000      3.51694     0.544639    0.0514794
1998-08-06/18:19:58      79.7800     -29.1300      10.1600      67.0000      3.28072     0.390731    0.0527075
1998-08-06/18:20:17      79.2000     -27.9300      9.15000      66.0000      3.89541     0.406737    0.0621099
1998-08-06/18:20:37      78.7100     -26.7200      9.27000      73.0000      3.76704     0.292372    0.0628744
1998-08-06/18:20:57      78.4200     -25.6200      9.21000      70.0000      3.23959     0.342020    0.0531316
1998-08-06/18:21:17      78.1600     -24.5900      8.74000      70.0000      3.56289     0.342020    0.0584340
1998-08-06/18:21:36      77.6800     -23.5100      8.78000      72.0000      4.13682     0.309017    0.0686674
1998-08-06/18:21:56      77.3600     -22.2900      8.57000      61.0000      4.71316     0.484810    0.0719464
1998-08-06/18:22:16      77.1400     -21.1000      8.52000      65.0000      5.47039     0.422618    0.0865309
1998-08-06/18:22:36      76.9100     -19.9500      8.13000      44.0000      3.84070     0.719340    0.0465649
1998-08-06/18:22:57      76.8800     -18.7200      7.77000      52.0000      3.45851     0.615661    0.0475662
1998-08-06/18:23:17      77.0100     -17.7000      8.75000      65.0000      2.46245     0.422618    0.0389512
1998-08-06/18:23:37      75.9600     -16.9000      12.2600      56.0000      2.04324     0.559193    0.0295645
1998-08-06/18:23:57      74.6200     -15.2700      12.5500      47.0000      2.89838     0.681998    0.0369965
1998-08-06/18:24:16      74.8700     -13.6900      10.8000      45.0000      5.43402     0.707107    0.0670631
1998-08-06/18:24:36      76.4100     -12.0800      10.2700      37.0000      6.51377     0.798635    0.0684184
1998-08-06/18:24:56      77.6500     -11.2100      10.2900      49.0000      4.84274     0.656059    0.0637894
1998-08-06/18:25:16      76.2600     -10.9700      9.54000      56.0000      2.04324     0.559193    0.0295645
1998-08-06/18:25:37      78.0800     -8.15000      9.38000      39.0000      7.90368     0.777146    0.0868118
1998-08-06/18:25:57      78.2900     -7.33000      9.48000      42.0000      3.58474     0.743145    0.0418645
1998-08-06/18:26:17      79.3100     -6.81000      9.72000      43.0000      3.14865     0.731354    0.0374788
1998-08-06/18:26:37      80.2100     -5.89000      9.43000      52.0000      3.45851     0.615661    0.0475662
1998-08-06/18:26:56      79.7700     -5.02000      9.39000      41.0000      6.51124     0.754710    0.0745562
1998-08-06/18:27:16      78.1600     -4.84000      9.50000      46.0000      4.62152     0.694658    0.0580225
1998-08-06/18:27:36      76.6000     -4.31000      9.32000      50.0000      4.60242     0.642788    0.0615343
1998-08-06/18:27:56      76.0100     -3.21000      9.30000      51.0000      4.45622     0.629320    0.0604431
1998-08-06/18:28:17      76.0600     -2.23000      9.27000      68.0000      2.09106     0.374607    0.0338384
1998-08-06/18:28:37      76.2800     -1.45000      9.25000      70.0000      3.18880     0.342020    0.0522987
1998-08-06/18:28:57      76.4800    -0.560000      9.35000      70.0000      2.93767     0.342020    0.0481799
1998-08-06/18:29:17      76.6800     0.630000      9.31000      67.0000      1.90709     0.390731    0.0306390
1998-08-06/18:29:36      76.6100      1.92000      9.30000      70.0000      3.18880     0.342020    0.0522987
1998-08-07/07:59:49      80.9900     -44.2600      9.31000      61.0000      2.42354     0.484810    0.0369953
1998-08-07/08:00:09      75.9400     -43.3700      9.40000      59.0000      3.24624     0.515038    0.0485650
1998-08-07/08:00:29      73.5700     -42.6900      9.45000      65.0000      3.21946     0.422618    0.0509256
1998-08-07/08:00:49      72.9800     -41.6700      9.52000      61.0000      2.91367     0.484810    0.0444772
1998-08-07/08:01:10      72.5900     -40.8800      9.50000      39.0000      6.29343     0.777146    0.0691252
1998-08-07/08:01:30      72.9100     -40.0800      9.35000      49.0000      3.40025     0.656059    0.0447887
1998-08-07/08:01:50      73.6500     -39.2700      9.26000      51.0000      4.62609     0.629320    0.0627472
1998-08-07/08:02:10      74.1500     -38.1300      9.16000      59.0000      4.01660     0.515038    0.0600899
1998-08-07/08:02:29      74.3700     -36.8900      9.10000      63.0000      2.93375     0.453990    0.0456227
1998-08-07/08:02:49      73.7500     -35.8700      9.05000      54.0000      2.12168     0.587785    0.0299581
1998-08-07/08:03:09      72.9100     -34.9800      9.12000      40.0000      3.61108     0.766044    0.0405118
1998-08-07/08:03:29      72.4000     -33.9500      9.09000      38.0000      3.60568     0.788011    0.0387442
1998-08-07/08:03:50      72.4700     -32.9800      9.00000      39.0000      3.41998     0.777146    0.0375641
1998-08-07/08:04:10      71.9200     -31.9800      9.04000      54.0000      1.71507     0.587785    0.0242168
1998-08-07/08:04:30      71.3700     -30.7600      9.07000      54.0000      2.54251     0.587785    0.0359003
1998-08-07/08:04:50      70.9800     -29.6200      9.16000      46.0000      3.66805     0.694658    0.0460518
1998-08-07/08:05:09      71.0200     -28.4900      9.25000      56.0000      1.97618     0.559193    0.0285942
1998-08-07/08:05:29      70.2000     -27.3600      8.82000      54.0000      2.41496     0.587785    0.0340993
1998-08-07/08:05:49      70.0000     -26.2000      9.04000      57.0000      4.21993     0.544639    0.0617695
1998-08-07/08:06:09      70.2500     -25.1100      9.01000      45.0000      2.49403     0.707107    0.0307797
1998-08-07/08:06:30      69.8700     -23.9400      9.17000      42.0000      2.95958     0.743145    0.0345636
1998-08-07/08:06:50      70.0100     -23.0100      9.12000      57.0000      2.11743     0.544639    0.0309940
1998-08-07/08:07:10      70.0200     -21.8900      9.26000      59.0000      2.92475     0.515038    0.0437554
1998-08-07/08:07:30      69.9400     -20.7900      9.27000      59.0000      2.75537     0.515038    0.0412214
1998-08-07/08:07:49      69.4100     -19.6500      9.14000      58.0000      3.18689     0.529919    0.0471699
1998-08-07/08:10:29      68.4500     -10.6600      9.13000      52.0000      4.74053     0.615661    0.0651983
1998-08-07/08:10:49      68.4000     -9.76000      9.12000      50.0000      3.29006     0.642788    0.0439881
1998-08-07/08:11:09      68.6800     -8.85000      9.10000      59.0000      2.61527     0.515038    0.0391255
1998-08-07/08:11:29      68.9700     -7.77000      9.06000      61.0000      3.30730     0.484810    0.0504859
1998-08-07/08:11:50      69.7100     -6.79000      8.97000      55.0000      2.56447     0.573576    0.0366640
1998-08-07/08:12:10      70.2900     -5.44000      9.02000      51.0000      3.90398     0.629320    0.0529526
1998-08-07/08:12:30      70.2500     -4.21000      9.11000      53.0000      2.45908     0.601815    0.0342767
1998-08-07/08:12:50      69.3600     -3.46000      9.19000      55.0000      1.99801     0.573576    0.0285654
1998-08-07/08:13:09      69.5100     -2.91000      9.27000      59.0000      3.14954     0.515038    0.0471184
1998-08-07/08:13:29      69.6700     -2.07000      9.30000      57.0000      2.93854     0.544639    0.0430131
1998-08-07/08:13:49      69.3400    -0.800000      8.98000      57.0000      2.81476     0.544639    0.0412012
1998-08-07/08:14:09      69.0900    -0.260000      8.87000      59.0000      3.88265     0.515038    0.0580860
1998-08-07/08:14:30      68.5600     0.580000      8.75000      67.0000      2.74726     0.390731    0.0441370
1998-08-07/08:14:50      68.2800      1.85000      8.72000      83.0000      3.54596     0.121869    0.0614274
1998-08-07/08:15:10      68.2500      3.20000      9.40000      45.0000      2.23258     0.707107    0.0275530
1998-08-07/08:15:30      68.4000      4.51000      7.27000      60.0000      3.42648     0.500000    0.0517912
1998-08-07/08:15:49      69.8100      5.85000      6.56000      57.0000      3.21278     0.544639    0.0470273
1998-08-07/08:16:09      71.0300      7.24000      7.89000      47.0000      3.84916     0.681998    0.0491327
1998-08-07/08:16:29      70.6800      8.57000      9.33000      56.0000      1.90567     0.559193    0.0275740
1998-08-07/08:16:49      70.5500      9.79000      8.32000      57.0000      2.19844     0.544639    0.0321798
1998-08-07/08:17:10      71.2000      10.9800      7.84000      55.0000      1.94146     0.573576    0.0277569
1998-08-07/08:17:30      70.8600      12.1700      7.90000      55.0000      5.87619     0.573576    0.0840113
1998-08-07/08:17:50      69.7300      13.3100      10.4400      43.0000      5.20529     0.731354    0.0619592
1998-08-07/08:18:10      68.9500      14.3800      10.3600      45.0000      3.50852     0.707107    0.0432998
1998-08-07/08:18:29      68.4200      15.3100      8.86000      52.0000      3.18256     0.615661    0.0437710
1998-08-07/08:18:49      68.7600      15.9400      8.92000      61.0000      4.34637     0.484810    0.0663473
1998-08-07/08:19:09      70.0600      17.1400      7.95000      47.0000      4.32215     0.681998    0.0551702
1998-08-07/08:19:29      71.4300      18.3700      8.25000      38.0000      3.78011     0.788011    0.0406185
1998-08-07/08:19:50      71.4900      19.1900      8.68000      48.0000      3.31843     0.669131    0.0430411
1998-08-07/08:20:10      72.3900      19.7800      9.31000      58.0000      2.63036     0.529919    0.0389326
1998-08-07/08:20:30      74.0200      21.0000      7.68000      71.0000      3.27522     0.325568    0.0540490
1998-08-07/08:20:50      74.7500      22.0800      7.76000      62.0000      5.46353     0.469472    0.0841949
1998-08-07/08:21:09      76.8100      22.9400      9.03000      63.0000      4.78372     0.453990    0.0743916
1998-08-07/09:02:09      264.630      35.0700      8.58000      109.000      3.11900     0.325568    0.0514710
1998-08-07/09:02:28      265.380      34.2500      9.54000      106.000      2.45874     0.275637    0.0412507
1998-08-07/09:02:48      262.820      33.2900      8.42000      108.000      2.34566     0.309017    0.0389358
1998-08-07/09:03:08      260.800      32.3100      7.69000      111.000      2.25057     0.358368    0.0366709
1998-08-07/09:03:28      259.490      31.2800      8.78000      108.000      2.72086     0.309017    0.0451637
1998-08-07/09:03:48      258.110      30.0000      9.37000      118.000      4.45736     0.469472    0.0686894
1998-08-07/09:04:08      257.380      28.8100      9.54000      153.000      16.8956     0.891007     0.133874
1998-08-07/09:04:28      257.050      27.6600      8.30000      119.000      5.18222     0.484810    0.0791065
1998-08-07/09:04:48      256.620      26.6200      8.24000      111.000      2.39953     0.358368    0.0390981
1998-08-07/09:05:08      255.720      25.5400      8.51000      108.000      2.85097     0.309017    0.0473234
1998-08-07/09:05:28      255.580      24.4800      8.81000      114.000      2.63779     0.406737    0.0420579
1998-08-07/09:05:48      254.600      23.4300      8.77000      133.000      3.45868     0.681998    0.0441484
1998-08-07/09:06:08      254.170      22.2800      8.96000      117.000      3.48879     0.453991    0.0542542
1998-08-07/09:06:28      253.540      21.2300      8.59000      109.000      3.63450     0.325568    0.0599780
1998-08-07/09:06:48      253.290      20.0400      8.56000      106.000      4.17674     0.275637    0.0700739
1998-08-07/09:07:08      252.970      18.8100      8.39000      116.000      4.78372     0.438371    0.0750418
1998-08-07/09:07:28      252.880      17.6400      8.36000      138.000      6.83281     0.743145    0.0797972
1998-08-07/09:07:48      252.760      16.5700      8.99000      114.000      4.53015     0.406737    0.0722304
1998-08-07/09:08:08      252.440      15.4400      8.64000      129.000      4.42622     0.629321    0.0600362
1998-08-07/09:08:28      252.260      14.3000      8.85000      133.000      3.28870     0.681998    0.0419787
1998-08-07/09:08:48      252.070      13.2100      8.43000      121.000      3.75244     0.515038    0.0561380
1998-08-07/09:09:07      252.030      12.1100      8.29000      121.000      3.04718     0.515038    0.0455870
1998-08-07/09:09:27      251.870      11.0200      6.15000      118.000      3.56851     0.469472    0.0549920
1998-08-07/09:09:47      251.770      9.95000      5.62000      111.000      2.89320     0.358368    0.0471420
1998-08-07/09:10:07      251.800      8.85000      8.15000      116.000      3.45764     0.438371    0.0542397
1998-08-07/09:10:28      251.870      7.76000      8.40000      113.000      3.49606     0.390731    0.0561671
1998-08-07/09:10:48      252.040      6.58000      8.16000      122.000      2.56560     0.529919    0.0379740
1998-08-07/09:11:08      251.940      5.51000      8.31000      112.000      3.28072     0.374607    0.0530900
1998-08-07/09:11:28      251.900      4.43000      8.33000      109.000      3.32780     0.325568    0.0549167
1998-08-07/09:11:47      252.040      3.40000      9.42000      121.000      3.75244     0.515038    0.0561380
1998-08-07/09:12:07      252.040      2.36000      9.75000      120.000      2.97762     0.500000    0.0450067
1998-08-07/09:12:27      252.040      1.33000      10.8600      120.000      3.05288     0.500000    0.0461443
1998-08-07/09:12:47      252.070     0.250000      9.91000      119.000      4.29604     0.484810    0.0655790
1998-08-07/09:13:08      252.260    -0.900000      8.83000      115.000      4.02131     0.422618    0.0636093
1998-08-07/09:13:28      252.360     -2.03000      8.94000      125.000      3.38424     0.573576    0.0483841
1998-08-07/09:13:48      252.490     -3.14000      9.32000      102.000      4.94791     0.207912    0.0844702
1998-08-07/09:14:08      252.640     -4.28000      9.32000      120.000      3.73037     0.500000    0.0563845
1998-08-07/09:14:27      252.830     -5.43000      9.28000      100.000      3.53087     0.173648    0.0606891
1998-08-07/09:14:47      253.110     -6.63000      9.14000      121.000      3.31091     0.515038    0.0495325
1998-08-07/09:15:07      253.160     -7.76000      8.98000      121.000      4.71276     0.515038    0.0705047
1998-08-07/09:15:27      253.150     -8.88000      9.01000      112.000      1.94513     0.374607    0.0314769
1998-08-07/09:15:48      253.070     -10.0200      9.02000      120.000      3.57647     0.500000    0.0540583
1998-08-07/09:16:08      253.040     -11.1100      8.96000      118.000      4.71316     0.469472    0.0726314
1998-08-07/09:16:28      252.930     -12.2100      8.99000      116.000      6.46327     0.438371     0.101389
1998-08-07/09:16:48      252.710     -13.2600      8.87000      120.000      3.88265     0.500000    0.0586862
1998-08-07/09:17:07      252.480     -14.2500      8.83000      113.000      3.25485     0.390731    0.0522919
1998-08-07/09:17:27      252.250     -15.2500      8.84000      104.000      3.37305     0.241922    0.0571221
1998-08-07/09:17:47      252.120     -16.2100      8.82000      104.000      4.98392     0.241922    0.0844020
1998-08-07/09:18:07      251.980     -17.1500      8.98000      105.000      6.17242     0.258819     0.104058
1998-08-07/09:19:27      255.220     -21.6200      9.02000      93.0000      3.05252    0.0523359    0.0532035
1998-08-07/09:19:47      258.800     -23.5000      8.95000      111.000      2.66344     0.358368    0.0433982
1998-08-07/09:50:25      95.8400     -67.8800      8.88000      49.0000      3.97021     0.656059    0.0522963
1998-08-07/09:50:45      93.7200     -66.9200      8.72000      42.0000      3.73557     0.743145    0.0436260
1998-08-07/09:51:05      90.5800     -66.1300      8.70000      53.0000      3.44405     0.601815    0.0480060
1998-08-07/09:51:25      87.8800     -65.2500      8.56000      69.0000      2.88719     0.358368    0.0470440
1998-08-07/09:51:46      85.3600     -64.0400      8.43000      64.0000      3.47634     0.438371    0.0545331
1998-08-07/09:52:06      83.6800     -62.9300      8.52000      54.0000      2.47499     0.587785    0.0349469
1998-08-07/09:52:26      81.4100     -61.8500      8.59000      63.0000      3.34944     0.453990    0.0520871
1998-08-07/09:52:46      79.9600     -60.8000      8.45000      68.0000      3.93253     0.374607    0.0636378
1998-08-07/09:53:05      79.8500     -59.7900      8.41000      66.0000      1.82806     0.406737    0.0291473
1998-08-07/09:53:25      79.2800     -58.6400      8.45000      61.0000      2.04967     0.484810    0.0312882
1998-08-07/09:53:45      78.1900     -57.5200      8.59000      40.0000      4.38475     0.766044    0.0491915
1998-08-07/09:54:05      77.3200     -56.5000      8.58000      28.0000      4.50175     0.882948    0.0368866
1998-08-07/09:54:26      76.7700     -55.4700      8.73000      53.0000      2.65970     0.601815    0.0370731
1998-08-07/09:54:46      75.4300     -54.3600      8.52000      61.0000      2.81502     0.484810    0.0429713
1998-08-07/09:55:06      74.7200     -53.4000      8.22000      47.0000      2.98051     0.681998    0.0380448
1998-08-07/09:55:26      74.8500     -52.5400      8.58000      67.0000      1.74712     0.390731    0.0280690
1998-08-07/09:55:45      76.1200     -51.6000      8.69000      63.0000      3.34944     0.453990    0.0520871
1998-08-07/09:56:05      78.2700     -50.5000      8.73000      39.0000      4.26135     0.777146    0.0468054
1998-08-07/09:56:25      78.5400     -49.2500      8.80000      46.0000      2.62354     0.694658    0.0329381
1998-08-07/09:56:45      76.9600     -47.9500      8.77000      36.0000      3.01788     0.809017    0.0309598
1998-08-07/09:57:06      75.3000     -46.7000      8.94000      34.0000      2.20234     0.829038    0.0214943
1998-08-07/09:57:26      73.5100     -45.5300      8.82000      40.0000      2.92338     0.766044    0.0327967
1998-08-07/09:57:46      72.1400     -44.4500      8.71000      51.0000      3.07219     0.629320    0.0416704
1998-08-07/09:58:06      71.2000     -43.4600      8.69000      68.0000      1.97620     0.374607    0.0319797
1998-08-07/09:58:25      70.6700     -42.5400      8.71000      37.0000      4.08183     0.798635    0.0428741
1998-08-07/09:58:45      70.6000     -41.6200      8.62000      70.0000      3.63450     0.342020    0.0596085
1998-08-07/09:59:05      70.6400     -40.6700      8.52000      55.0000      1.99801     0.573576    0.0285654
1998-08-07/09:59:25      70.6800     -39.6100      8.62000      78.0000      1.82292     0.207912    0.0311207
1998-08-07/09:59:46      70.6400     -38.4700      8.71000      79.0000      2.13861     0.190809    0.0366400
1998-08-07/10:00:06      70.4200     -37.3100      8.82000      69.0000      3.10278     0.358368    0.0505569
1998-08-07/10:00:26      70.0500     -36.1800      8.93000      73.0000      3.23908     0.292372    0.0540624
1998-08-07/10:00:46      69.7400     -35.1000      9.03000      79.0000      2.37992     0.190809    0.0407743
1998-08-07/10:01:05      69.5800     -34.1500      11.8200      70.0000      3.18880     0.342020    0.0522987
1998-08-07/10:01:25      69.5600     -33.1200      11.2400      70.0000      2.25531     0.342020    0.0369887
1998-08-07/10:01:45      69.3700     -32.0500      9.53000      79.0000      2.78705     0.190809    0.0477495
1998-08-07/10:02:05      69.2600     -30.9400      8.89000      69.0000      2.94955     0.358368    0.0480601
1998-08-07/10:02:26      69.1000     -29.7900      11.0000      61.0000      3.73865     0.484810    0.0570705
1998-08-07/10:02:46      68.9200     -28.6600      11.3300      57.0000      9.83224     0.544639     0.143920
1998-08-07/10:03:06      68.8400     -27.5100      11.7500      79.0000      2.93754     0.190809    0.0503278
1998-08-07/10:03:26      68.6700     -26.3700      11.6400      73.0000      4.47458     0.292372    0.0746837
1998-08-07/10:03:45      68.5600     -25.2600      9.70000      101.000      2.28375     0.190809    0.0391266
1998-08-07/10:11:05      68.7200     -1.12000      8.25000      75.0000      3.29861     0.258819    0.0556099
1998-08-07/10:11:25      68.6200     -0.00000      11.3800      76.0000      3.59763     0.241922    0.0609253
1998-08-07/10:11:45      68.6100      1.11000      9.35000      64.0000      4.90301     0.438371    0.0769131
1998-08-07/10:12:05      68.6500      2.17000      10.0300      69.0000      3.07254     0.358368    0.0500641
1998-08-07/10:12:25      68.8400      3.26000      10.7600      43.0000      3.05713     0.731354    0.0363894
1998-08-07/10:12:45      69.1700      4.38000      10.8700      57.0000      3.12708     0.544639    0.0457728
1998-08-07/10:13:05      69.5000      5.57000      12.6100      69.0000      3.82218     0.358368    0.0622788
1998-08-07/10:13:25      69.9000      6.80000      11.5600      66.0000      2.53069     0.406737    0.0403503
1998-08-07/10:13:45      70.2200      8.04000      10.3800      75.0000      3.55530     0.258819    0.0599373
1998-08-07/10:14:05      70.5400      9.28000      10.9900      69.0000      3.67818     0.358368    0.0599325
1998-08-07/10:14:25      70.7100      10.5700      10.9800      65.0000      4.94227     0.422618    0.0781771
1998-08-07/10:14:45      70.7800      11.8600      10.5700      66.0000      4.66686     0.406737    0.0744102
1998-08-07/10:15:05      70.6700      13.1700      9.43000      55.0000      3.42183     0.573576    0.0489216
1998-08-07/10:15:25      70.2600      14.4000      10.2900      54.0000      4.97892     0.587785    0.0703024
1998-08-07/10:15:45      69.2100      15.2800      10.3800      53.0000      8.38981     0.601815     0.116944
1998-08-07/12:04:42      68.2900     -15.8300      11.0600      32.0000      6.11702     0.848048    0.0565753
1998-08-07/12:05:01      68.2500     -14.8100      11.3800      33.0000      7.83142     0.838671    0.0744435
1998-08-07/12:05:21      68.3100     -13.8000      9.70000      30.0000      3.66091     0.866025    0.0319475
1998-08-07/12:05:41      68.3800     -12.7800      9.88000      61.0000      2.52996     0.484810    0.0386198
1998-08-07/12:06:01      68.3200     -11.6500      10.4500      67.0000      1.68015     0.390731    0.0269930
1998-08-07/12:06:21      68.3400     -10.5400      10.2600      63.0000      4.31999     0.453990    0.0671802
1998-08-07/12:06:41      68.3400     -9.38000      12.4300      67.0000      2.03620     0.390731    0.0327133
1998-08-07/12:07:01      68.2300     -8.25000      12.1000      71.0000      3.35424     0.325568    0.0553531
1998-08-07/12:07:21      68.3300     -7.17000      15.0900      32.0000      2.41432     0.848048    0.0223296
1998-08-07/12:07:41      68.4400     -5.98000      14.2200      28.0000      7.81462     0.882948    0.0640316
1998-08-07/12:08:01      68.3500     -4.88000      10.9200      31.0000      7.46921     0.857167    0.0671416
1998-08-07/12:08:21      68.3100     -3.76000      11.3900      61.0000      8.69876     0.484810     0.132787
1998-08-07/12:08:41      68.2300     -2.64000      10.8300      58.0000      19.9174     0.529919     0.294803
1998-08-07/12:09:01      67.8900     -1.60000      11.6200      23.0000      9.85369     0.920505    0.0671977
1998-08-07/12:09:21      67.6500    -0.560000      11.8700      63.0000      7.66565     0.453990     0.119209
1998-08-07/12:09:41      67.6000     0.440000      11.4100      71.0000      3.27522     0.325568    0.0540490
1998-08-07/12:10:01      67.7300      1.45000      11.3900      44.0000      2.99077     0.719340    0.0362603
1998-08-07/12:10:21      68.0700      2.53000      11.5400      45.0000      2.70510     0.707107    0.0333846
1998-08-07/12:10:41      68.2700      3.66000      11.3300      52.0000      3.32400     0.615661    0.0457162
1998-08-07/12:11:01      68.1900      4.69000      10.5100      60.0000      3.57206     0.500000    0.0539917
1998-08-07/12:11:21      68.3900      5.84000      9.53000      61.0000      4.21409     0.484810    0.0643281
1998-08-07/12:11:41      68.5200      6.95000      11.2300      68.0000      2.41315     0.374607    0.0390506
1998-08-07/12:12:01      68.6700      8.10000      9.99000      59.0000      2.09699     0.515038    0.0313718
1998-08-07/12:12:21      68.9400      9.28000      9.56000      63.0000      5.10837     0.453990    0.0794403
1998-08-07/12:12:41      68.9100      10.4800      10.0700      67.0000      1.81141     0.390731    0.0291018
1998-08-07/12:13:01      68.8000      11.8300      10.7500      57.0000      2.81476     0.544639    0.0412012
1998-08-07/12:13:21      68.1800      12.9800      10.2000      51.0000      3.45891     0.629320    0.0469158
1998-08-07/12:13:41      67.3600      13.8600      9.99000      73.0000      5.39553     0.292372    0.0900550
1998-08-07/12:59:00      261.480      32.6500      9.62000      100.000      2.22837     0.173648    0.0383015
1998-08-07/12:59:20      259.780      31.4500      9.76000      108.000      2.88853     0.309017    0.0479469
1998-08-07/12:59:40      258.390      30.3500      9.93000      107.000      2.31438     0.292372    0.0386285
1998-08-07/13:00:00      256.120      29.3700      9.74000      120.000      3.24624     0.500000    0.0490669
1998-08-07/13:00:20      254.780      28.2400      9.56000      111.000      2.59786     0.358368    0.0423297
1998-08-07/13:00:40      254.520      27.3400      8.89000      150.000      9.77396     0.866026    0.0852939
1998-08-07/13:01:00      254.270      26.3500      9.28000      117.000      22.6838     0.453991     0.352756
1998-08-07/13:01:20      254.130      25.2600      9.28000      118.000      10.5665     0.469472     0.162833
1998-08-07/13:01:40      253.730      24.1800      7.95000      147.000      11.3868     0.838671     0.108240
1998-08-07/13:02:00      253.280      22.9500      10.4900      113.000      1.74178     0.390731    0.0279832
1998-08-07/13:02:20      253.180      21.7000      11.3700      122.000      3.39229     0.529919    0.0502101
1998-08-07/13:02:40      252.660      20.5900      10.2200      98.0000      2.79037     0.139173    0.0482272
1998-08-07/13:03:00      252.170      19.5800      9.74000      119.000      23.7264     0.484810     0.362183
1998-08-07/13:03:20      251.790      18.5600      9.89000      120.000      3.57647     0.500000    0.0540583
1998-08-07/13:03:40      251.950      17.6000      9.78000      108.000      3.03428     0.309017    0.0503662
1998-08-07/13:04:00      251.670      16.6100      10.5200      102.000      2.36358     0.207912    0.0403508
1998-08-07/13:04:20      251.320      15.4600      10.9400      92.0000      2.51267    0.0348995    0.0438276
1998-08-07/13:04:40      251.080      14.3500      10.6600      110.000      4.01453     0.342020    0.0658412
1998-08-07/13:05:00      250.770      13.3100      9.86000      101.000      3.93997     0.190809    0.0675020
1998-08-07/13:05:20      250.780      12.2700      9.43000      98.0000      3.27851     0.139173    0.0566639
1998-08-07/13:05:40      250.690      11.1900      9.84000      111.000      3.27161     0.358368    0.0533078
1998-08-07/13:06:00      250.800      10.1000      9.99000      101.000      1.85434     0.190809    0.0317697
1998-08-07/13:06:20      250.620      9.00000      9.86000      100.000      2.93754     0.173648    0.0504908
1998-08-07/13:06:40      250.440      7.78000      9.82000      155.000      18.0841     0.906308     0.133390
1998-08-07/13:07:00      250.290      6.65000      9.83000      154.000      7.22688     0.898794    0.0552930
1998-08-07/13:07:20      250.050      5.52000      9.62000      93.0000      3.13732    0.0523359    0.0546815
1998-08-07/13:07:40      249.660      4.36000      9.54000      102.000      3.72861     0.207912    0.0636544
1998-08-07/13:08:00      249.650      3.20000      9.74000      104.000      4.98392     0.241922    0.0844020
1998-08-07/13:08:20      249.370      2.15000      9.78000      111.000      3.27161     0.358368    0.0533078
1998-08-07/13:08:40      249.270      1.08000      9.76000      94.0000      3.00569    0.0697566    0.0523314
1998-08-07/13:09:00      249.390    0.0400000      9.63000      94.0000      3.27280    0.0697566    0.0569820
1998-08-07/13:09:19      249.310     -1.09000      9.50000      110.000      3.67818     0.342020    0.0603248
1998-08-07/13:09:39      249.640     -2.11000      9.65000      104.000      5.59382     0.241922    0.0947305
1998-08-07/13:09:59      249.860     -3.23000      9.75000      122.000      4.46606     0.529919    0.0661032
1998-08-07/13:10:20      249.780     -4.32000      9.88000      115.000      3.09391     0.422618    0.0489396
1998-08-07/13:10:40      249.800     -5.45000      10.0300      111.000      2.43529     0.358368    0.0396807
1998-08-07/13:11:00      250.120     -6.61000      9.90000      109.000      4.47027     0.325568    0.0737702
1998-08-07/13:11:20      250.260     -7.75000      9.67000      104.000      4.75772     0.241922    0.0805713
1998-08-07/13:11:39      250.290     -8.78000      9.61000      96.0000      5.60651     0.104529    0.0973160
1998-08-07/13:11:59      250.190     -9.92000      9.69000      93.0000      2.21888    0.0523359    0.0386737
1998-08-07/13:12:19      249.860     -10.9700      9.65000      95.0000      2.58933    0.0871559    0.0450204
1998-08-07/13:12:39      249.370     -12.0000      9.54000      95.0000      2.40810    0.0871559    0.0418693
1998-08-07/13:13:00      248.880     -13.0200      9.63000      101.000      2.74699     0.190809    0.0470632
1998-08-07/13:13:20      248.510     -13.9100      9.82000      98.0000      3.65394     0.139173    0.0631526
1998-08-07/13:13:40      248.360     -14.8300      9.75000      95.0000      3.12222    0.0871559    0.0542857
1998-08-07/13:14:00      248.190     -15.7600      9.58000      100.000      1.86391     0.173648    0.0320371
1998-08-07/13:14:19      248.140     -16.6300      9.64000      102.000      1.43056     0.207912    0.0244224
1998-08-07/13:14:39      248.400     -17.5100      9.69000      104.000      3.22223     0.241922    0.0545680
1998-08-07/13:14:59      248.920     -18.4700      9.73000      102.000      1.73073     0.207912    0.0295468
1998-08-07/13:15:19      249.850     -19.4400      9.91000      102.000      1.14495     0.207912    0.0195465
1998-08-07/13:15:40      251.250     -20.6400      9.85000      101.000      1.56173     0.190809    0.0267565
1998-08-07/13:16:00      252.830     -21.8700      9.62000      100.000      1.79598     0.173648    0.0308696
1998-08-07/13:16:20      255.630     -23.4900      9.69000      101.000      7.29205     0.190809     0.124932
1998-08-07/13:17:59      256.160     -29.7600      10.1300      100.000      4.63867     0.173648    0.0797301
1998-08-07/13:18:20      254.700     -30.4900      10.1200      102.000      1.99423     0.207912    0.0340453
1998-08-07/13:18:40      253.420     -31.6500      10.0500      102.000      2.36358     0.207912    0.0403508
1998-08-07/13:19:00      253.030     -32.6500      10.1000      97.0000      3.70421     0.121869    0.0641688
1998-08-07/13:19:20      252.830     -33.7900      10.1600      100.000      3.53087     0.173648    0.0606891
1998-08-07/13:19:39      253.320     -34.7600      10.1200      96.0000      1.78208     0.104529    0.0309328
1998-08-07/13:19:59      253.640     -35.7200      9.93000      95.0000      2.51147    0.0871559    0.0436666
1998-08-07/13:20:19      254.010     -36.9000      9.83000      96.0000      1.78208     0.104529    0.0309328
1998-08-07/13:20:39      255.160     -37.9700      9.81000      101.000      6.78284     0.190809     0.116208
1998-08-07/13:21:00      257.400     -39.0800      9.80000      108.000      4.90683     0.309017    0.0814488
1998-08-07/13:21:20      257.640     -40.0500      9.69000      111.000      3.93253     0.358368    0.0640768
1998-08-07/13:21:40      258.260     -41.1700      9.73000      111.000      2.09106     0.358368    0.0340718
1998-08-07/13:22:00      258.530     -42.3800      9.88000      112.000      1.56737     0.374607    0.0253638
1998-08-07/13:22:19      260.170     -43.6700      9.97000      114.000      7.61136     0.406737     0.121358
1998-08-07/13:22:59      262.650     -45.9400      9.97000      154.000      36.0924     0.898794     0.276144
1998-08-07/13:45:58      98.5600     -68.5900      10.0000      54.0000      2.77985     0.587785    0.0392515
1998-08-07/13:46:19      89.1300     -67.9700      10.1200      55.0000      2.26797     0.573576    0.0324249
1998-08-07/13:46:39      87.5500     -67.0500      9.83000      47.0000      3.16030     0.681998    0.0403397
1998-08-07/13:46:58      83.5400     -65.9700      9.87000      56.0000      1.61630     0.559193    0.0233869
1998-08-07/13:47:18      81.5200     -64.8900      9.74000      59.0000      2.61527     0.515038    0.0391255
1998-08-07/13:47:38      80.5800     -63.7800      9.84000      50.0000      4.60242     0.642788    0.0615343
1998-08-07/13:47:58      78.2700     -62.7000      12.1400      59.0000      2.68786     0.515038    0.0402114
1998-08-07/13:48:18      76.0400     -61.6000      11.0000      68.0000      2.01220     0.374607    0.0325623
1998-08-07/13:48:38      75.0400     -60.6000      9.59000      62.0000      4.15842     0.469472    0.0640827
1998-08-07/13:48:57      74.7700     -59.4200      9.14000      62.0000      2.18261     0.469472    0.0336348
1998-08-07/13:49:17      75.6800     -58.3500      10.8500      50.0000      3.48074     0.642788    0.0465375
1998-08-07/13:49:37      75.5500     -57.4400      11.6200      33.0000      2.16119     0.838671    0.0205437
1998-08-07/13:49:57      74.3300     -56.3400      11.3000      30.0000      5.21590     0.866025    0.0455173
1998-08-07/13:50:18      74.6700     -55.4200      11.5800      27.0000      8.90213     0.891007    0.0705372
1998-08-07/13:50:38      70.1100     -54.3300      11.6100      75.0000      5.59382     0.258819    0.0943039
1998-08-07/13:50:58      70.8800     -53.2000      9.18000      64.0000      2.15278     0.438371    0.0337705
1998-08-07/13:51:18      70.3700     -52.8400      12.2600      67.0000      1.90709     0.390731    0.0306390
1998-08-07/13:51:37      70.0000     -51.4600      11.4500      68.0000      2.39953     0.374607    0.0388302
1998-08-07/13:51:57      70.8800     -50.4000      10.3700      61.0000      2.91367     0.484810    0.0444772
1998-08-07/13:52:17      71.1300     -49.1800      11.5400      52.0000      3.82036     0.615661    0.0525429
1998-08-07/13:52:37      70.9900     -48.0100      11.2500      40.0000      5.53958     0.766044    0.0621472
1998-08-07/13:52:58      71.0800     -46.8500      12.0500      27.0000      8.15304     0.891007    0.0646017
1998-08-07/13:53:18      70.2500     -45.7400      11.8300      27.0000      4.99614     0.891007    0.0395876
1998-08-07/13:53:38      70.2500     -44.7100      10.9700      29.0000      3.76079     0.874620    0.0318220
1998-08-07/13:53:58      69.7200     -43.6500      11.5600      24.0000      2.41194     0.913545    0.0171221
1998-08-07/13:54:17      68.6500     -42.6200      10.7800      50.0000      3.81963     0.642788    0.0510684
1998-08-07/13:54:37      68.0500     -41.4200      10.0400      33.0000      1.97044     0.838671    0.0187305
1998-08-07/13:54:57      67.4200     -40.3200      10.1200      77.0000      1.80454     0.224951    0.0306879
1998-08-07/13:55:17      67.2700     -39.3500      10.8300      72.0000      2.19297     0.309017    0.0364013
1998-08-07/13:55:38      67.6200     -38.2600      10.1300      58.0000      2.86288     0.529919    0.0423742
1998-08-07/13:55:58      68.0800     -37.0100      10.7500      74.0000      2.46569     0.275637    0.0413673
1998-08-07/13:56:18      67.6300     -36.0500      9.96000      74.0000      2.76988     0.275637    0.0464708
1998-08-07/13:56:38      67.1800     -34.9900      9.85000      78.0000      1.68212     0.207912    0.0287170
1998-08-07/13:56:57      66.9700     -33.9900      11.2200      79.0000      2.06637     0.190809    0.0354023
1998-08-07/13:57:17      66.6000     -32.8400      9.55000      95.0000      2.51147    0.0871559    0.0436666
1998-08-07/13:57:37      66.2300     -31.6900      10.3600      77.0000      1.92393     0.224951    0.0327183
1998-08-07/13:57:57      65.7600     -30.4600      14.3200      63.0000      2.47717     0.453990    0.0385225
1998-08-07/13:58:18      65.6300     -29.3200      13.2800      59.0000      2.81804     0.515038    0.0421590
1998-08-07/13:58:38      65.5300     -28.2900      15.1400      58.0000      3.18689     0.529919    0.0471699
1998-08-07/13:58:58      65.4100     -27.1500      15.6900      71.0000      3.27522     0.325568    0.0540490
1998-08-07/13:59:18      65.3800     -26.0000      14.0000      74.0000      3.48493     0.275637    0.0584673
1998-08-07/13:59:37      65.3800     -24.8400      13.7300      84.0000      3.72461     0.104528    0.0646506
1998-08-07/13:59:57      65.3700     -23.7500      10.9400      82.0000      3.70421     0.139173    0.0640215
1998-08-07/14:00:17      65.3400     -22.6600      10.5400      79.0000      2.68670     0.190809    0.0460302
1998-08-07/14:00:37      65.2300     -21.7000      11.3600      63.0000      4.03187     0.453990    0.0626996
1998-08-07/14:00:58      65.0700     -20.6600      11.6400      99.0000      4.06312     0.156434    0.0700417
1998-08-07/14:01:18      64.9000     -19.6000      11.4100      44.0000      2.66943     0.719340    0.0323644
1998-08-07/14:01:38      64.8400     -18.5300      11.1100      74.0000      3.60824     0.275637    0.0605361
1998-08-07/14:01:58      64.7800     -17.4400      10.5100      79.0000      2.01648     0.190809    0.0345476
1998-08-07/14:02:17      64.7900     -16.4300      11.6800      81.0000      2.79037     0.156434    0.0481016
1998-08-07/14:02:37      64.7900     -15.3600      10.4100      75.0000      4.56736     0.258819    0.0769992
1998-08-07/14:02:57      64.8400     -14.2900      10.0000      72.0000      3.13206     0.309017    0.0519893
1998-08-07/14:03:17      64.9500     -13.2200      10.4500      67.0000      2.54874     0.390731    0.0409477
1998-08-07/14:03:38      65.3100     -12.1300      10.8200      56.0000      2.11018     0.559193    0.0305331
1998-08-07/14:03:58      65.5000     -11.0900      11.5300      30.0000      4.91825     0.866025    0.0429198
1998-08-07/14:04:18      65.4500     -9.89000      11.1100      71.0000      3.91815     0.325568    0.0646589
1998-08-07/14:04:38      66.0400     -8.78000      10.9900      99.0000      4.55162     0.156434    0.0784627
1998-08-07/14:04:57      66.4800     -7.96000      10.5800      96.0000      2.79431     0.104529    0.0485027
1998-08-07/14:05:17      66.3000     -7.10000      10.4500      76.0000      2.99630     0.241922    0.0507419
1998-08-07/14:05:37      66.6400     -6.01000      10.5400      78.0000      6.47212     0.207912     0.110491
1998-08-07/14:05:57      67.0300     -4.99000      10.7300      68.0000      3.58961     0.374607    0.0580885
1998-08-07/14:06:18      67.2400     -3.81000      10.7200      77.0000      1.80454     0.224951    0.0306879
1998-08-07/14:06:38      67.1000     -2.66000      10.4100      63.0000      3.45764     0.453990    0.0537698
1998-08-07/14:06:58      66.8000     -1.63000      10.3700      76.0000      1.98394     0.241922    0.0335977
1998-08-07/14:07:18      66.6600    -0.640000      10.3800      73.0000      7.75714     0.292372     0.129472
1998-08-07/14:07:37      66.7700     0.360000      12.3100      85.0000      2.07602    0.0871558    0.0360955
1998-08-07/14:07:57      67.2800      1.37000      16.7800      49.0000      10.4521     0.656059     0.137677
1998-08-07/14:08:17      67.4900      2.44000      14.9100      49.0000      5.12876     0.656059    0.0675569
1998-08-07/14:08:37      67.6000      3.50000      12.5900      52.0000      3.57709     0.615661    0.0491971
1998-08-07/14:08:58      67.6300      4.64000      11.2200      66.0000      2.53069     0.406737    0.0403503
1998-08-07/14:09:18      67.5100      5.78000      11.3300      63.0000      3.77145     0.453990    0.0586498
1998-08-07/14:09:38      67.7300      7.09000      11.3400      68.0000      2.25057     0.374607    0.0364197
1998-08-07/14:09:58      67.7400      8.40000      11.3200      62.0000      2.18261     0.469472    0.0336348
1998-08-07/14:10:17      67.7300      9.57000      11.6000      77.0000      2.23194     0.224951    0.0379563
1998-08-07/14:10:37      67.7100      10.9500      11.2200      98.0000      3.43655     0.139173    0.0593954
1998-08-07/14:10:57      66.9100      12.2000      10.9100      54.0000      2.63929     0.587785    0.0372668
1998-08-07/14:11:17      66.1900      13.2500      11.0200      71.0000      2.88853     0.325568    0.0476677
1998-08-07/14:11:38      65.6600      13.9800      10.8700      68.0000      2.25057     0.374607    0.0364197
1998-08-07/14:11:58      65.5700      14.7600      10.7000      76.0000      2.53537     0.241922    0.0429361
1998-08-07/14:12:18      65.8900      15.7000      10.5800      86.0000      2.01383    0.0697565    0.0350623
1998-08-07/14:12:38      66.4100      16.7300      10.5400      86.0000      3.39024    0.0697565    0.0590267
1998-08-07/14:12:57      66.9100      17.8100      10.4600      96.0000      8.94827     0.104529     0.155321
1998-08-07/14:13:17      67.0300      19.0100      10.4500      95.0000      3.40869    0.0871559    0.0592665
1998-08-07/14:52:56      251.340      43.5300      10.2300      99.0000      2.27326     0.156434    0.0391874
1998-08-07/14:53:16      251.170      42.4400      10.2800      102.000      3.60088     0.207912    0.0614738
1998-08-07/14:53:36      250.910      41.2800      10.4400      134.000      5.43402     0.694658    0.0682233
1998-08-07/14:53:56      250.730      40.1000      10.5300      137.000      10.9023     0.731354     0.129771
1998-08-07/14:54:16      250.660      39.0500      10.3200      106.000      3.60398     0.275637    0.0604646
1998-08-07/14:54:36      250.210      38.0700      10.2800      135.000      2.37842     0.707107    0.0293529
1998-08-07/14:54:56      249.690      36.9900      10.4900      124.000      5.87619     0.559193    0.0850251
1998-08-07/14:55:16      249.280      35.9400      10.8200      97.0000      7.41957     0.121869     0.128531
1998-08-07/14:55:36      248.900      34.9100      11.3300      133.000      3.88307     0.681998    0.0495656
1998-08-07/14:55:56      248.460      33.8600      11.1800      110.000      3.67818     0.342020    0.0603248
1998-08-07/14:56:16      247.990      32.9300      10.9700      126.000      5.29392     0.587785    0.0747502
1998-08-07/14:56:36      247.610      32.0100      10.4900      119.000      3.17715     0.484810    0.0484992
1998-08-07/14:56:56      247.370      31.0100      10.6100      110.000      2.83141     0.342020    0.0464372
1998-08-07/14:57:16      247.230      29.9300      10.9000      113.000      2.19499     0.390731    0.0352644
1998-08-07/14:57:36      247.230      28.8600      11.1100      107.000      22.5796     0.292372     0.376869
1998-08-07/14:57:56      247.150      27.7900      11.1100      105.000      3.48493     0.258819    0.0587510
1998-08-07/14:58:16      247.310      26.7000      10.8000      109.000      25.5614     0.325568     0.421825
1998-08-07/14:58:36      247.410      25.5500      10.7800      104.000      4.29017     0.241922    0.0726534
1998-08-07/14:58:56      247.260      24.2800      10.7300      99.0000      4.55162     0.156434    0.0784627
1998-08-07/14:59:16      246.980      23.1200      10.5800      105.000      3.92395     0.258819    0.0661523
1998-08-07/14:59:36      246.770      22.0800      10.5500      113.000      2.64073     0.390731    0.0424255
1998-08-07/14:59:56      246.540      20.9700      10.6900      117.000      3.71922     0.453991    0.0578376
1998-08-07/15:00:16      246.250      19.9000      11.0700      102.000      19.1297     0.207912     0.326580
1998-08-07/15:00:36      246.000      18.8600      11.0700      103.000      11.7126     0.224951     0.199184
1998-08-07/15:00:56      245.890      17.7500      10.9600      102.000      4.57661     0.207912    0.0781314
1998-08-07/15:01:16      245.900      16.7100      10.9000      103.000      23.4252     0.224951     0.398368
1998-08-07/15:01:36      245.940      15.7400      10.8200      135.000      20.6726     0.707107     0.255128
1998-08-07/15:01:56      245.950      14.7700      11.2200      135.000      3.60312     0.707107    0.0444673
1998-08-07/15:02:16      246.010      13.7100      11.7700      103.000      23.4252     0.224951     0.398368
1998-08-07/15:02:36      246.140      12.6300      11.8000      106.000      26.2936     0.275637     0.441133
1998-08-07/15:02:56      246.190      11.3800      11.8500      135.000      2.52047     0.707107    0.0311060
1998-08-07/15:03:16      246.280      10.1500      11.9100      121.000      3.23298     0.515038    0.0483666
1998-08-07/15:03:36      246.210      9.06000      11.6700      120.000      5.29080     0.500000    0.0799704
1998-08-07/15:03:56      246.180      8.10000      11.5800      123.000      2.68240     0.544639    0.0392638
1998-08-07/15:04:16      246.130      7.15000      11.8100      124.000      1.84570     0.559193    0.0267062
1998-08-07/15:04:36      246.070      6.04000      12.1200      130.000      3.40025     0.642788    0.0454613
1998-08-07/15:04:56      246.090      5.03000      11.7300      95.0000      3.36092    0.0871559    0.0584359
1998-08-07/15:05:16      246.140      4.00000      11.5200      93.0000      3.21233    0.0523359    0.0559889
1998-08-07/15:05:36      246.130      2.93000      11.8700      133.000      4.47367     0.681998    0.0571043
1998-08-07/15:05:56      246.210      1.83000      12.0700      106.000      5.16517     0.275637    0.0866570
1998-08-07/15:06:16      246.300     0.780000      12.1500      132.000      4.47968     0.669131    0.0581029
1998-08-07/15:06:36      246.500    -0.200000      11.8700      97.0000      5.81941     0.121869     0.100811
1998-08-07/15:06:56      246.410     -1.15000      11.8400      104.000      3.55530     0.241922    0.0602085
1998-08-07/15:09:56      248.160     -11.0700      11.9500      118.000      4.21409     0.469472    0.0649406
1998-08-07/15:10:16      247.680     -11.9600      12.0100      115.000      5.27870     0.422618    0.0834988
1998-08-07/15:10:36      247.170     -12.9900      11.9900      121.000      5.63168     0.515038    0.0842521
1998-08-07/15:10:56      246.870     -13.9500      11.9000      108.000      3.91815     0.309017    0.0650376
1998-08-07/15:11:16      246.500     -14.8700      11.8800      112.000      2.22430     0.374607    0.0359945
1998-08-07/15:11:36      246.310     -15.8700      10.5900      121.000      3.31091     0.515038    0.0495325
1998-08-07/15:11:56      246.370     -16.8200      10.1900      114.000      3.21946     0.406737    0.0513323
1998-08-07/15:12:16      246.460     -17.7100      10.9200      154.000      36.0924     0.898794     0.276144
1998-08-07/15:12:36      247.000     -18.6800      10.1200      103.000      2.08650     0.224951    0.0354829
1998-08-07/15:12:56      248.250     -19.7500      7.51000      108.000      2.94697     0.309017    0.0489170
1998-08-07/15:13:16      250.540     -20.8700      9.70000      111.000      2.66344     0.358368    0.0433982
1998-08-07/15:13:36      256.380     -22.4200      11.0300      112.000      4.59444     0.374607    0.0743491
1998-08-07/16:49:33      251.620      47.5700      10.1900      111.000      2.59786     0.358368    0.0423297
1998-08-07/16:49:53      251.500      46.5100      10.0600      118.000      3.20731     0.469472    0.0494257
1998-08-07/16:50:12      250.900      45.5400      9.85000      113.000      2.10025     0.390731    0.0337423
1998-08-07/16:50:32      250.290      44.4700      9.97000      104.000      3.76712     0.241922    0.0637956
1998-08-07/16:50:52      249.950      43.4100      9.32000      93.0000      2.90107    0.0523359    0.0505638
1998-08-07/16:51:12      249.460      42.3900      9.98000      119.000      3.00080     0.484810    0.0458072
1998-08-07/16:51:33      249.090      41.3300      9.74000      104.000      6.34069     0.241922     0.107379
1998-08-07/16:51:53      248.730      40.2500      9.12000      100.000      2.47242     0.173648    0.0424963
1998-08-07/16:52:13      248.310      39.2100      8.83000      99.0000      2.78112     0.156434    0.0479421
1998-08-07/16:52:33      247.860      38.1600      9.65000      101.000      3.38606     0.190809    0.0580121
1998-08-07/16:53:12      247.150      36.0400      9.76000      105.000      5.02431     0.258819    0.0847028
1998-08-07/16:53:32      246.930      34.9400      8.65000      124.000      4.38424     0.559193    0.0634375
1998-08-07/16:53:52      246.760      33.8400      8.63000      101.000      1.95756     0.190809    0.0335381
1998-08-07/16:54:13      246.640      32.7100      8.61000      124.000      3.18371     0.559193    0.0460665
1998-08-07/16:54:33      246.540      31.5300      8.90000      103.000      4.71730     0.224951    0.0802222
1998-08-07/16:54:53      246.380      30.4000      10.1200      92.0000      4.87933    0.0348995    0.0851085
1998-08-07/16:55:13      246.160      29.3000      11.2200      98.0000      3.85170     0.139173    0.0665706
1998-08-07/16:55:32      246.050      28.2100      8.05000      123.000      2.22103     0.544639    0.0325105
1998-08-07/16:55:52      245.930      27.1300      9.10000      119.000      3.71706     0.484810    0.0567409
1998-08-07/16:56:12      245.760      26.0400      12.8000      114.000      4.12941     0.406737    0.0658409
1998-08-07/16:59:12      245.270      16.2600      9.44000      101.000      7.29205     0.190809     0.124932
1998-08-07/16:59:33      245.230      15.1500      12.4100      104.000      7.66710     0.241922     0.129841
1998-08-07/16:59:53      245.220      14.0800      15.9900      122.000      7.25726     0.529919     0.107416
1998-08-07/17:00:13      245.280      13.0100      13.9800      134.000      7.25543     0.694658    0.0910908
1998-08-07/17:00:33      245.350      11.9100      14.0800      98.0000      4.60170     0.139173    0.0795332
1998-08-07/17:00:52      245.410      10.9000      11.9600      119.000      3.85064     0.484810    0.0587800
1998-08-07/17:01:12      245.500      9.81000      10.1400      122.000      7.25726     0.529919     0.107416
1998-08-07/17:01:32      245.500      8.73000      10.5900      106.000      4.17674     0.275637    0.0700739
1998-08-07/17:01:52      245.500      7.61000      11.0300      125.000      2.96422     0.573576    0.0423792
1998-08-07/17:02:13      245.570      6.46000      11.1400      96.0000      4.68463     0.104529    0.0813143
1998-08-07/17:02:33      245.540      5.31000      9.68000      132.000      4.32215     0.669131    0.0560597
1998-08-07/17:02:53      245.560      4.19000      11.0100      111.000      3.93253     0.358368    0.0640768
1998-08-07/17:03:13      245.510      3.13000      11.1400      123.000      3.19075     0.544639    0.0467048
1998-08-07/17:03:32      245.500      2.14000      9.74000      122.000      3.21278     0.529919    0.0475531
1998-08-07/17:03:52      245.560      1.04000      9.35000      121.000      3.90478     0.515038    0.0584170
1998-08-07/17:04:12      245.600   -0.0300000      9.64000      128.000      5.62066     0.615661    0.0773031
1998-08-07/17:04:53      245.820     -2.28000      9.67000      96.0000      5.82111     0.104529     0.101041
1998-08-07/17:05:13      245.880     -3.32000      9.79000      131.000      8.82231     0.656059     0.116209
1998-08-07/17:05:33      245.940     -4.35000      10.8800      112.000      2.22430     0.374607    0.0359945
1998-08-07/17:05:53      246.040     -5.40000      10.3600      126.000      4.58610     0.587785    0.0647558
1998-08-07/17:06:12      246.140     -6.50000      9.84000      111.000      3.58961     0.358368    0.0584893
1998-08-07/17:06:32      246.340     -7.62000      10.5600      113.000      4.23993     0.390731    0.0681180
1998-08-07/17:06:52      246.480     -8.77000      10.6100      121.000      5.01394     0.515038    0.0750105
1998-08-07/17:07:33      246.800     -11.0900      10.5500      113.000      4.66686     0.390731    0.0749770
1998-08-07/17:07:53      246.850     -12.1900      10.3900      132.000      4.84587     0.669131    0.0628525
1998-08-07/17:08:13      246.840     -13.1800      10.4300      106.000      6.58798     0.275637     0.110528
1998-08-07/17:08:33      246.620     -14.1100      10.5600      123.000      2.85153     0.544639    0.0417394
1998-08-07/17:08:52      246.400     -15.0000      12.1500      105.000      5.93599     0.258819     0.100072
1998-08-07/17:09:12      246.100     -15.8900      18.4300      124.000      2.26797     0.559193    0.0328162
1998-08-07/17:09:32      245.940     -16.7600      16.0900      134.000      6.71490     0.694658    0.0843045
1998-08-07/17:09:52      245.970     -17.6500      12.3100      138.000      4.37375     0.743145    0.0510790
1998-08-07/17:10:13      246.330     -18.5600      11.1400      132.000      2.98051     0.669131    0.0386582
1998-08-07/17:10:33      247.280     -19.6200      10.8900      113.000      2.10025     0.390731    0.0337423
1998-08-07/17:10:53      249.400     -20.9600      10.4800      112.000      2.09250     0.374607    0.0338617
1998-08-07/20:47:05      249.190      41.9500      10.0800      111.000      3.93253     0.358368    0.0640768
1998-08-07/20:47:24      250.640      40.9600      10.3500      109.000      3.50897     0.325568    0.0579065
1998-08-07/20:47:44      250.000      39.5000      10.4900      105.000      4.30197     0.258819    0.0725251
1998-08-07/20:48:04      247.690      38.7900      10.0100      114.000      2.26885     0.406737    0.0361754
1998-08-07/20:48:24      247.340      37.8600      10.4400      110.000      3.45863     0.342020    0.0567241
1998-08-07/21:01:04      242.980     -1.85000      10.7400      109.000      2.83748     0.325568    0.0468253
1998-08-07/21:01:24      245.790     -3.39000      10.2400      94.0000      3.20026    0.0697566    0.0557190
1998-08-07/21:01:44      250.750     -5.80000      9.79000      107.000      4.19933     0.292372    0.0700896
1998-08-07/21:12:04      256.400     -40.4500      9.89000      108.000      3.72693     0.309017    0.0618636
1998-08-07/21:12:45      249.390     -41.0600      9.93000      110.000      3.59163     0.342020    0.0589054
1998-08-07/21:14:04      250.630     -43.6000      9.99000      103.000      2.64059     0.224951    0.0449058
1998-08-07/21:14:24      251.930     -45.7500      9.97000      98.0000      5.00329     0.139173    0.0864741
1998-08-09/02:25:26      226.490      11.5800      9.88000      59.0000      8.09911     0.515038     0.121166
1998-08-09/02:25:46      227.530      10.5500      9.85000      61.0000      10.5665     0.484810     0.161298
1998-08-09/02:26:06      227.270      9.91000      9.95000      53.0000      7.03291     0.601815    0.0980305
1998-08-09/02:26:25      226.270      8.82000      9.90000      44.0000      2.11900     0.719340    0.0256909
1998-08-09/02:26:45      225.380      7.72000      9.79000      48.0000      3.55430     0.669131    0.0461004
1998-08-09/02:27:05      224.790      6.69000      9.77000      47.0000      5.94674     0.681998    0.0759073
1998-08-09/02:27:25      224.550      5.67000      10.1600      42.0000      6.42576     0.743145    0.0750434
1998-08-09/02:27:46      224.230      4.66000      10.6300      45.0000      4.55141     0.707107    0.0561705
1998-08-09/02:28:06      224.340      3.85000      10.2100      46.0000      7.86042     0.694658    0.0986864
1998-08-09/02:28:26      224.220      2.70000      9.79000      46.0000      3.45868     0.694658    0.0434232
1998-08-09/02:28:46      224.170      1.54000      9.62000      37.0000      3.45949     0.798635    0.0363373
1998-08-09/02:29:05      223.940     0.660000      9.40000      38.0000      4.16401     0.788011    0.0447436
1998-08-09/02:29:25      223.820    -0.370000      9.28000      38.0000      5.84887     0.788011    0.0628480
1998-08-09/06:11:18      237.580      46.7200      9.24000      65.0000      3.75034     0.422618    0.0593231
1998-08-09/06:11:38      235.140      44.9800      9.52000      61.0000      4.34637     0.484810    0.0663473
1998-08-09/06:15:18      226.010      31.0000      9.63000      54.0000      5.26571     0.587785    0.0743519
1998-08-09/06:15:38      225.520      29.9100      9.45000      49.0000      7.45448     0.656059    0.0981917
1998-08-09/06:15:58      225.280      28.6900      9.42000      60.0000      4.66063     0.500000    0.0704454
1998-08-09/06:16:18      224.950      27.5300      9.42000      54.0000      4.06454     0.587785    0.0573913
1998-08-09/06:16:38      224.560      26.3200      9.35000      57.0000      6.10862     0.544639    0.0894153
1998-08-09/06:16:58      224.210      25.0500      9.14000      62.0000      8.02201     0.469472     0.123622
1998-08-09/06:17:18      224.110      23.7900      9.05000      64.0000      7.99577     0.438371     0.125429
1998-08-09/06:17:38      224.050      22.6500      9.39000      65.0000      7.74852     0.422618     0.122567
1998-08-09/06:17:58      224.000      21.5000      9.67000      67.0000      3.13059     0.390731    0.0502956
1998-08-09/06:18:18      223.920      20.4300      9.76000      63.0000      4.03187     0.453990    0.0626996
1998-08-09/06:18:38      223.900      19.4700      9.66000      57.0000      3.51694     0.544639    0.0514794
1998-08-09/06:18:58      223.500      18.1600      9.61000      56.0000      2.04324     0.559193    0.0295645
1998-08-09/06:19:18      223.610      17.1300      9.87000      57.0000      2.86821     0.544639    0.0419836
1998-08-09/06:19:38      223.580      16.0500      10.0400      64.0000      2.62014     0.438371    0.0411019
1998-08-09/06:19:58      223.530      14.9300      10.0300      61.0000      4.98984     0.484810    0.0761699
1998-08-09/06:20:18      223.570      13.8100      9.92000      59.0000      4.21716     0.515038    0.0630904
1998-08-09/06:20:38      223.550      12.6900      9.84000      56.0000      2.11018     0.559193    0.0305331
1998-08-09/06:20:58      223.680      11.7100      9.73000      60.0000      3.17715     0.500000    0.0480226
1998-08-09/06:21:18      223.770      10.6700      9.55000      53.0000      3.91933     0.601815    0.0546308
1998-08-09/06:21:38      223.770      9.64000      9.56000      51.0000      3.76307     0.629320    0.0510414
1998-08-09/06:21:58      223.530      8.48000      9.46000      57.0000      2.81476     0.544639    0.0412012
1998-08-09/06:22:18      223.240      7.33000      9.38000      56.0000      2.34112     0.559193    0.0338747
1998-08-09/06:22:38      222.940      6.23000      9.28000      67.0000      2.54874     0.390731    0.0409477
1998-08-09/06:22:58      222.800      5.14000      9.46000      46.0000      3.09065     0.694658    0.0388026
1998-08-09/06:23:18      222.570      4.07000      9.52000      56.0000      3.03702     0.559193    0.0439440
1998-08-09/06:25:18      221.810     -2.30000      9.48000      55.0000      1.99801     0.573576    0.0285654
1998-08-09/06:25:38      221.700     -3.44000      9.50000      51.0000      5.03044     0.629320    0.0682317
1998-08-09/06:25:58      221.700     -4.53000      9.56000      47.0000      3.07640     0.681998    0.0392688
1998-08-09/06:26:38      221.630     -6.79000      9.66000      63.0000      3.89243     0.453990    0.0605312
1998-08-09/06:26:58      221.560     -7.93000      9.56000      46.0000      2.91887     0.694658    0.0366460
1998-08-09/06:27:18      221.580     -9.06000      5.77000      53.0000      4.02896     0.601815    0.0561590
1998-08-09/06:27:38      221.440     -10.2000      6.58000      42.0000      5.79798     0.743145    0.0677119
1998-08-09/06:27:58      221.270     -11.3000      5.32000      51.0000      4.88513     0.629320    0.0662607
1998-08-09/06:28:18      221.190     -12.2800      9.78000      38.0000      11.0564     0.788011     0.118805
1998-08-09/06:28:38      221.030     -13.1600      7.85000      46.0000      2.56416     0.694658    0.0321926
1998-08-09/06:28:58      221.120     -14.0500      7.53000      62.0000      8.02201     0.469472     0.123622
1998-08-09/06:29:18      221.130     -15.0900      7.14000      51.0000      4.76905     0.629320    0.0646862
1998-08-09/06:29:38      221.140     -16.1800      7.89000      39.0000      10.2567     0.777146     0.112657
1998-08-09/06:29:58      221.070     -17.3200      6.79000      49.0000      11.3415     0.656059     0.149392
1998-08-09/06:30:18      221.090     -18.4400      5.66000      55.0000      2.16123     0.573576    0.0308989
1998-08-09/06:30:38      221.050     -19.5600      5.34000      64.0000      3.75347     0.438371    0.0588804
1998-08-09/06:30:58      221.050     -20.7200      6.42000      56.0000      6.75454     0.559193    0.0977344
1998-08-09/06:31:18      221.040     -21.8200      6.87000      60.0000      3.98186     0.500000    0.0601858
1998-08-09/06:31:37      220.890     -22.9300      9.18000      51.0000      24.7730     0.629320     0.336015
1998-08-09/06:31:57      220.780     -24.0100      6.01000      49.0000      4.98111     0.656059    0.0656120
1998-08-09/06:32:17      220.630     -25.0300      4.28000      57.0000      4.94186     0.544639    0.0723368
1998-08-09/06:32:37      220.640     -26.0200      7.67000      66.0000      3.71143     0.406737    0.0591764
1998-08-09/06:32:58      220.650     -27.1300      6.38000      57.0000      3.71607     0.544639    0.0543942
1998-08-09/20:09:31      215.090      2.18000      6.24000      25.0000      7.22688     0.906308    0.0533061
1998-08-09/20:09:50      214.770    -0.490000      7.22000      45.0000      3.04750     0.707107    0.0376102
1998-08-09/20:10:10      215.230     -1.62000      9.28000      50.0000      3.00037     0.642788    0.0401149
1998-08-09/20:10:30      215.540     -2.86000      10.2700      50.0000      4.25829     0.642788    0.0569333
1998-08-09/20:10:50      215.270     -4.35000      10.0200      44.0000      5.34991     0.719340    0.0648627
1998-08-09/20:11:11      214.570     -6.38000      7.60000      66.0000      2.02531     0.406737    0.0322923
1998-08-09/20:11:31      214.900     -6.84000      6.11000      52.0000      4.13394     0.615661    0.0568557
1998-08-09/20:11:51      215.450     -6.94000      5.87000      51.0000      3.76307     0.629320    0.0510414
1998-08-09/20:12:11      214.630     -7.78000      5.69000      38.0000      6.41107     0.788011    0.0688890
1998-08-09/20:12:30      217.370     -9.49000      6.29000      55.0000      3.42183     0.573576    0.0489216
1998-08-09/20:12:50      216.760     -10.4300      6.57000      69.0000      5.18814     0.358368    0.0845358
1998-08-09/20:13:10      215.550     -11.8000      8.10000      51.0000      5.03044     0.629320    0.0682317
1998-08-09/20:13:30      215.610     -12.2700      8.35000      48.0000      5.27110     0.669131    0.0683679
1998-08-09/20:13:51      215.280     -13.2600      6.04000      40.0000      8.56860     0.766044    0.0961291
1998-08-09/20:14:11      215.680     -13.7200      7.27000      43.0000      7.43412     0.731354    0.0884892
1998-08-09/20:14:31      217.770     -14.3900      8.71000      38.0000      4.45813     0.788011    0.0479040
1998-08-09/20:14:51      216.830     -15.7300      8.63000      34.0000      6.42348     0.829038    0.0626916
1998-08-09/20:15:10      216.130     -17.4500      8.98000      45.0000      2.49403     0.707107    0.0307797
1998-08-09/20:15:30      215.660     -19.1600      9.04000      56.0000      2.27303     0.559193    0.0328895
1998-08-09/20:15:50      215.610     -20.8800      8.32000      61.0000      3.20731     0.484810    0.0489596
1998-08-09/20:16:10      216.090     -22.1900      8.95000      63.0000      3.01723     0.453990    0.0469209
1998-08-09/20:16:30      215.240     -22.5700      8.53000      65.0000      5.47039     0.422618    0.0865309
1998-08-09/20:16:50      214.580     -24.1900      8.49000      62.0000      4.82079     0.469472    0.0742900
1998-08-09/20:17:09      214.740     -25.1300      8.64000      59.0000      2.92475     0.515038    0.0437554
1998-08-09/20:17:29      214.630     -26.3000      9.61000      36.0000      4.16649     0.809017    0.0427431
1998-08-09/20:17:50      215.160     -27.4500      12.1000      36.0000      5.63087     0.809017    0.0577659
1998-08-09/20:18:10      215.150     -28.5600      11.7800      69.0000      2.73958     0.358368    0.0446389
1998-08-09/20:20:30      212.760     -34.4400      8.89000      39.0000      10.9113     0.777146     0.119847
1998-08-09/20:20:50      212.930     -35.8300      9.30000      56.0000      7.52598     0.559193     0.108897
1998-08-09/20:21:10      213.090     -37.3000      9.60000      28.0000      15.8608     0.882948     0.129961
1998-08-09/20:21:30      213.760     -38.9100      9.36000      28.0000      5.83242     0.882948    0.0477898
1998-08-09/20:21:49      214.810     -40.2400      9.24000      42.0000      7.80054     0.743145    0.0910989
1998-08-09/20:22:09      219.610     -41.4300      8.70000      64.0000      5.82346     0.438371    0.0913521
1998-08-09/20:22:29      218.490     -40.4300      9.42000      41.0000      3.86611     0.754710    0.0442685
1998-08-09/20:22:49      217.610     -42.5100      9.69000      45.0000      4.71938     0.707107    0.0582435
1998-08-09/20:23:10      218.740     -44.2500      9.25000      54.0000      3.16559     0.587785    0.0446982
1998-08-09/20:23:30      219.150     -45.8100      8.92000      59.0000      4.89963     0.515038    0.0733004
1998-08-09/20:23:50      220.140     -45.4400      9.03000      57.0000      2.81476     0.544639    0.0412012
1998-08-09/20:24:10      217.600     -46.6000      8.42000      56.0000      2.85153     0.559193    0.0412600
1998-08-09/20:24:29      216.720     -48.3600      8.01000      64.0000      9.17440     0.438371     0.143918
1998-08-09/20:24:49      218.140     -49.6900      9.24000      62.0000      6.12295     0.469472    0.0943568
1998-08-09/20:54:29      42.5700     -44.6100      9.53000      123.000      1.97618     0.544639    0.0289265
1998-08-09/20:54:49      38.7800     -43.0100      9.25000      120.000      3.05288     0.500000    0.0461443
1998-08-09/20:55:08      37.7600     -41.4900      8.82000      112.000      1.90709     0.374607    0.0308613
1998-08-09/20:55:28      38.3500     -41.0100      9.30000      105.000      5.42565     0.258819    0.0914688
1998-08-09/20:55:48      38.7800     -40.0700      9.37000      104.000      3.12045     0.241922    0.0528444
1998-08-09/20:56:08      39.5200     -39.4500      9.43000      97.0000      3.62364     0.121869    0.0627730
1998-08-09/20:56:29      39.1200     -38.4500      9.48000      97.0000      3.70421     0.121869    0.0641688
1998-08-09/20:56:49      38.2800     -37.5500      9.02000      93.0000      4.60378    0.0523359    0.0802410
1998-08-09/20:57:09      38.1200     -36.5300      8.85000      92.0000      2.62428    0.0348995    0.0457744
1998-08-09/20:57:29      37.6500     -35.3000      9.06000      91.0000      2.01692    0.0174525    0.0351965
1998-08-09/20:57:48      39.4600     -34.9700      9.23000      94.0000      3.20026    0.0697566    0.0557190
1998-08-09/20:58:08      37.9900     -32.7100      9.36000      91.0000      2.12954    0.0174525    0.0371618
1998-08-09/20:58:28      36.7200     -31.2100      9.37000      92.0000      3.53082    0.0348995    0.0615869
1998-08-09/21:01:49      34.7000     -20.1000      9.09000      98.0000      4.26953     0.139173    0.0737922
1998-08-09/21:02:09      34.5700     -18.9100      9.13000      96.0000      3.33394     0.104529    0.0578695
1998-08-09/21:02:29      34.3700     -17.8300      9.32000      100.000      2.25861     0.173648    0.0388213
1998-08-09/21:03:48      33.8600     -13.1100      9.47000      96.0000      3.64446     0.104529    0.0632594
1998-08-09/21:05:48      33.8500     -6.73000      9.61000      92.0000      3.29409    0.0348995    0.0574577
1998-08-09/21:07:08      33.3700     -2.05000      9.81000      91.0000      4.88350    0.0174525    0.0852202
1998-08-09/21:07:28      33.2900    -0.990000      9.65000      99.0000      4.92406     0.156434    0.0848830
1998-08-09/21:07:48      33.3700     0.210000      9.33000      95.0000      3.72461    0.0871559    0.0647593
1998-08-09/21:08:08      33.4600      1.44000      10.0800      117.000      4.82079     0.453991    0.0749681
1998-08-09/21:08:28      32.9900      2.59000      10.1900      104.000      3.37305     0.241922    0.0571221
1998-08-09/21:09:08      33.0900      4.50000      10.0700      94.0000      2.88913    0.0697566    0.0503020
1998-08-09/21:09:28      33.2100      5.61000      9.86000      100.000      2.68670     0.173648    0.0461794
1998-08-09/21:09:48      33.1300      6.73000      9.87000      103.000      2.32163     0.224951    0.0394816
1998-08-09/21:10:08      32.9200      7.73000      9.84000      93.0000      3.35027    0.0523359    0.0583931
1998-08-09/21:10:28      33.2500      8.48000      9.48000      91.0000      2.05850    0.0174525    0.0359221
1998-08-09/21:10:48      33.4800      9.61000      10.0400      100.000      2.93754     0.173648    0.0504908
1998-08-09/21:11:08      33.3800      10.8000      8.68000      93.0000      4.11658    0.0523359    0.0717494
1998-08-09/21:11:28      32.9700      11.7500      8.97000      96.0000      3.54596     0.104529    0.0615496
1998-08-09/21:12:08      33.0000      13.6400      9.34000      98.0000      3.85170     0.139173    0.0665706
1998-08-09/21:12:48      32.9100      16.4200      10.2600      104.000      3.37305     0.241922    0.0571221
1998-08-09/21:13:08      32.7800      17.5200      10.0300      94.0000      3.00569    0.0697566    0.0523314
1998-08-09/21:14:28      33.0800      21.0800      8.91000      98.0000      6.06280     0.139173     0.104786
1998-08-09/21:14:48      33.0200      22.2500      7.32000      95.0000      5.06815    0.0871559    0.0881193
1998-08-09/21:15:28      33.3200      24.3800      10.1600      106.000      4.31371     0.275637    0.0723719
1998-08-09/21:16:48      33.2800      29.0000      10.9300      96.0000      3.49060     0.104529    0.0605887
1998-08-09/21:17:08      33.6300      30.0600      9.67000      102.000      2.75810     0.207912    0.0470860
1998-08-09/21:18:08      34.7100      33.1100      9.58000      102.000      3.35516     0.207912    0.0572789
1998-08-09/21:18:28      34.1500      34.5700      10.0200      101.000      2.68482     0.190809    0.0459980
1998-08-09/21:18:48      33.8400      35.7700      8.43000      94.0000      3.60684    0.0697566    0.0627979
